Sex	Age	2014	2015	2016	2017	2018	2019	2020	2021	2022	2023	2024	2025	2026	2027	2028	2029	2030	2031	2032	2033	2034	2035	2036	2037	2038	2039
1	0	28913	28602	28748	28859	28942	28990	29003	28970	28898	28790	28649	28479	28293	28086	27871	27653	27436	27232	27051	26896	26775	26696	26655	26653	26677	26726
1	1	29337	29099	28752	28898	29013	29096	29146	29159	29127	29056	28948	28807	28636	28447	28241	28026	27807	27590	27386	27205	27049	26927	26848	26807	26805	26829
1	2	30424	29483	29207	28860	29009	29125	29210	29261	29275	29243	29172	29064	28922	28750	28561	28355	28140	27922	27705	27500	27318	27162	27040	26960	26919	26917
1	3	31184	30531	29556	29281	28935	29085	29202	29289	29341	29354	29323	29251	29143	29000	28828	28640	28434	28219	28000	27783	27578	27396	27240	27117	27037	26995
1	4	29656	31269	30585	29614	29339	28995	29146	29265	29350	29402	29415	29384	29313	29206	29062	28891	28703	28496	28281	28061	27845	27640	27458	27300	27177	27098
1	5	30352	29735	31321	30639	29670	29396	29052	29204	29323	29408	29460	29473	29442	29370	29263	29120	28949	28761	28554	28338	28118	27901	27696	27514	27356	27234
1	6	30378	30425	29784	31371	30691	29724	29448	29105	29256	29375	29460	29512	29525	29494	29422	29316	29174	29003	28815	28606	28392	28170	27953	27748	27565	27408
1	7	29262	30442	30471	29831	31417	30741	29772	29497	29153	29305	29424	29508	29561	29573	29543	29470	29365	29222	29051	28863	28654	28439	28217	28000	27795	27612
1	8	28610	29314	30478	30508	29867	31455	30779	29811	29536	29192	29343	29462	29546	29599	29611	29581	29508	29403	29261	29090	28901	28691	28476	28254	28037	27832
1	9	28635	28657	29344	30510	30541	29901	31489	30815	29845	29570	29227	29378	29497	29580	29634	29646	29616	29542	29438	29296	29125	28937	28727	28512	28290	28072
1	10	28184	28687	28694	29382	30549	30582	29942	31531	30857	29887	29612	29269	29420	29538	29623	29676	29689	29658	29585	29481	29339	29167	28978	28768	28553	28331
1	11	27029	28239	28725	28733	29423	30591	30626	29986	31576	30901	29931	29655	29312	29464	29581	29666	29719	29732	29701	29628	29524	29383	29210	29022	28812	28597
1	12	26889	27070	28264	28751	28760	29451	30620	30657	30016	31607	30933	29961	29684	29342	29494	29611	29696	29749	29762	29731	29658	29554	29413	29240	29053	28842
1	13	27929	26934	27099	28293	28781	28791	29482	30652	30688	30047	31640	30966	29992	29716	29375	29526	29643	29728	29782	29794	29764	29690	29586	29445	29273	29085
1	14	29027	27987	26975	27141	28335	28825	28835	29527	30696	30732	30092	31684	31011	30038	29762	29421	29571	29689	29774	29828	29839	29810	29736	29632	29491	29319
1	15	30060	29083	28025	27014	27180	28375	28866	28876	29567	30737	30772	30132	31725	31051	30080	29802	29462	29611	29729	29814	29870	29880	29851	29777	29673	29531
1	16	30657	30124	29127	28071	27060	27227	28423	28914	28924	29615	30785	30821	30181	31772	31101	30129	29850	29510	29659	29778	29862	29918	29929	29900	29826	29722
1	17	31830	30769	30211	29215	28160	27148	27316	28512	29004	29014	29705	30875	30913	30273	31864	31194	30221	29940	29601	29749	29868	29952	30008	30019	29992	29917
1	18	32612	32192	31083	30520	29524	28466	27450	27615	28811	29309	29322	30013	31187	31229	30590	32180	31515	30539	30254	29914	30060	30180	30265	30321	30332	30305
1	19	33734	33377	32872	31757	31188	30186	29119	28095	28253	29453	29963	29979	30674	31857	31908	31267	32857	32200	31218	30923	30581	30726	30846	30932	30988	30998
1	20	35028	34624	34156	33647	32530	31954	30946	29870	28834	28988	30196	30715	30734	31434	32630	32684	32040	33636	32982	31990	31688	31343	31489	31609	31695	31752
1	21	35258	35773	35247	34780	34273	33153	32577	31566	30483	29442	29594	30806	31330	31350	32054	33255	33313	32667	34266	33614	32616	32311	31964	32109	32230	32317
1	22	37784	35923	36297	35776	35314	34809	33691	33118	32104	31019	29974	30126	31339	31866	31886	32592	33795	33855	33208	34809	34158	33157	32851	32503	32647	32770
1	23	38453	38321	36303	36685	36170	35713	35215	34102	33530	32518	31434	30390	30544	31756	32282	32301	33007	34209	34267	33621	35223	34569	33568	33265	32916	33061
1	24	36695	38728	38436	36431	36825	36315	35866	35377	34269	33701	32693	31615	30576	30732	31941	32462	32479	33183	34380	34435	33790	35389	34731	33735	33435	33089
1	25	36179	36849	38734	38446	36457	36857	36354	35915	35428	34324	33760	32756	31683	30650	30808	32010	32528	32544	33245	34437	34491	33847	35441	34781	33790	33495
1	26	36253	36333	36875	38757	38475	36497	36905	36407	35971	35486	34385	33823	32823	31752	30724	30883	32082	32598	32612	33310	34499	34552	33909	35499	34840	33850
1	27	34898	36406	36368	36912	38798	38521	36551	36966	36467	36034	35550	34451	33892	32895	31827	30802	30960	32158	32670	32684	33380	34566	34619	33977	35563	34905
1	28	34875	35035	36438	36402	36952	38839	38566	36604	37019	36521	36089	35606	34509	33952	32957	31891	30869	31026	32221	32732	32747	33441	34625	34677	34036	35619
1	29	34277	34973	35041	36447	36416	36968	38856	38586	36628	37042	36546	36115	35633	34538	33981	32989	31925	30904	31062	32256	32766	32779	33472	34654	34706	34064
1	30	33152	34377	34988	35058	36466	36439	36994	38884	38614	36659	37072	36577	36147	35666	34573	34017	33027	31964	30945	31103	32296	32804	32817	33510	34689	34739
1	31	33589	33248	34397	35010	35084	36494	36471	37027	38914	38644	36693	37105	36611	36182	35702	34610	34054	33066	32005	30987	31144	32337	32844	32857	33549	34725
1	32	33800	33650	33245	34394	35010	35087	36497	36478	37033	38916	38648	36699	37111	36617	36188	35710	34619	34065	33078	32018	31003	31159	32350	32856	32869	33561
1	33	33945	33871	33664	33262	34412	35030	35109	36520	36502	37056	38938	38670	36725	37134	36643	36212	35735	34647	34094	33105	32048	31033	31189	32379	32884	32898
1	34	33300	34016	33890	33686	33287	34439	35058	35141	36550	36534	37086	38966	38699	36757	37164	36673	36244	35767	34681	34127	33139	32082	31067	31224	32413	32918
1	35	32397	33347	34018	33896	33694	33297	34449	35072	35155	36562	36548	37098	38977	38712	36771	37176	36685	36257	35782	34697	34142	33156	32098	31085	31241	32428
1	36	29842	32443	33354	34026	33907	33706	33313	34465	35090	35173	36577	36566	37115	38991	38728	36789	37192	36702	36275	35801	34714	34162	33176	32117	31105	31260
1	37	29753	29884	32446	33359	34034	33916	33718	33327	34477	35103	35186	36589	36579	37127	39001	38741	36803	37204	36716	36288	35814	34729	34177	33190	32132	31120
1	38	31344	29774	29874	32433	33349	34027	33910	33714	33322	34471	35098	35180	36582	36574	37121	38993	38734	36800	37197	36710	36282	35808	34725	34173	33187	32129
1	39	31368	31331	29738	29838	32395	33315	33990	33877	33682	33289	34437	35063	35147	36546	36538	37084	38955	38698	36766	37161	36674	36247	35773	34692	34140	33156
1	40	32149	31352	31287	29699	29801	32354	33276	33951	33840	33644	33252	34397	35024	35109	36503	36497	37043	38911	38655	36726	37120	36634	36208	35734	34655	34103
1	41	33967	32140	31319	31255	29671	29773	32324	33248	33923	33811	33617	33226	34368	34992	35078	36471	36467	37010	38876	38623	36697	37089	36604	36178	35704	34627
1	42	35725	33938	32094	31272	31209	29630	29730	32279	33203	33877	33767	33573	33184	34322	34946	35032	36424	36420	36963	38826	38575	36652	37042	36557	36132	35659
1	43	36863	35681	33878	32038	31217	31154	29580	29679	32224	33149	33821	33712	33519	33131	34265	34889	34976	36365	36363	36905	38765	38516	36596	36983	36500	36074
1	44	36585	36820	35625	33826	31989	31167	31107	29536	29633	32174	33099	33770	33663	33469	33082	34214	34837	34925	36312	36312	36853	38709	38462	36546	36931	36447
1	45	37998	36525	36744	35554	33759	31925	31104	31046	29476	29573	32108	33033	33705	33597	33404	33017	34147	34770	34858	36242	36243	36784	38638	38390	36478	36861
1	46	38731	37922	36437	36657	35470	33680	31850	31031	30972	29406	29501	32032	32956	33627	33519	33327	32940	34068	34690	34779	36159	36162	36702	38552	38306	36398
1	47	39506	38646	37828	36347	36565	35383	33598	31772	30953	30894	29331	29426	31951	32874	33544	33437	33245	32859	33984	34606	34695	36071	36075	36614	38460	38216
1	48	38983	39407	38539	37724	36246	36464	35286	33506	31683	30865	30807	29248	29340	31859	32782	33450	33345	33153	32768	33890	34511	34599	35971	35976	36514	38356
1	49	40584	38888	39300	38435	37621	36147	36366	35193	33415	31598	30780	30722	29167	29257	31769	32691	33358	33255	33063	32678	33797	34418	34505	35873	35879	36415
1	50	39732	40489	38790	39199	38336	37527	36057	36275	35104	33331	31518	30700	30642	29093	29179	31685	32606	33272	33170	32978	32595	33710	34331	34418	35780	35788
1	51	39875	39638	40383	38691	39096	38238	37430	35966	36182	35014	33246	31437	30619	30560	29016	29100	31599	32519	33185	33083	32891	32510	33621	34241	34329	35687
1	52	39351	39759	39514	40259	38572	38976	38120	37315	35857	36071	34907	33144	31340	30524	30464	28925	29008	31498	32417	33081	32980	32788	32409	33516	34135	34223
1	53	38243	39210	39609	39366	40109	38430	38831	37979	37177	35725	35936	34777	33021	31222	30408	30348	28816	28897	31377	32294	32957	32856	32665	32288	33388	34007
1	54	37187	38086	39043	39442	39201	39940	38269	38669	37822	37022	35576	35785	34633	32883	31090	30279	30218	28693	28771	31239	32156	32818	32718	32527	32151	33246
1	55	36592	37007	37895	38849	39247	39007	39743	38083	38480	37638	36840	35402	35608	34463	32722	30937	30128	30067	28549	28626	31082	31996	32655	32557	32366	31991
1	56	35552	36396	36804	37686	38637	39034	38797	39529	37879	38272	37436	36641	35212	35415	34276	32545	30769	29963	29901	28393	28467	30910	31820	32478	32379	32189
1	57	34895	35352	36184	36592	37469	38416	38812	38577	39304	37665	38054	37223	36433	35012	35213	34081	32359	30592	29791	29728	28230	28302	30730	31637	32292	32193
1	58	33754	34674	35124	35950	36357	37229	38170	38566	38333	39054	37427	37812	36987	36201	34790	34989	33864	32153	30399	29601	29538	28051	28120	30531	31434	32086
1	59	32194	33503	34412	34858	35678	36083	36950	37884	38278	38048	38763	37150	37529	36711	35931	34530	34728	33612	31914	30171	29377	29316	27840	27908	30300	31196
1	60	31896	31928	33220	34123	34566	35380	35784	36642	37569	37961	37733	38442	36843	37218	36408	35634	34244	34438	33333	31649	29918	29129	29069	27607	27673	30044
1	61	31236	31605	31634	32914	33809	34250	35056	35457	36308	37226	37617	37389	38092	36509	36878	36077	35310	33932	34123	33030	31360	29644	28861	28801	27354	27417
1	62	30105	30919	31280	31309	32576	33462	33900	34698	35095	35939	36847	37234	37009	37704	36139	36503	35711	34950	33587	33775	32693	31041	29341	28564	28505	27074
1	63	30290	29766	30567	30926	30955	32207	33084	33518	34308	34701	35534	36434	36817	36595	37282	35735	36094	35311	34559	33211	33397	32327	30692	29011	28242	28184
1	64	30600	29920	29398	30190	30546	30574	31811	32678	33107	33888	34277	35100	35989	36369	36149	36827	35300	35653	34881	34138	32807	32990	31933	30318	28656	27894
1	65	31190	30192	29518	29003	29783	30136	30163	31385	32241	32664	33434	33819	34630	35507	35883	35667	36336	34830	35177	34415	33682	32369	32548	31508	29913	28273
1	66	31986	30717	29729	29065	28559	29327	29674	29701	30905	31748	32164	32923	33302	34102	34966	35337	35123	35783	34300	34641	33890	33169	31876	32051	31026	29456
1	67	34396	31435	30184	29213	28559	28062	28817	29159	29185	30368	31198	31607	32352	32725	33512	34362	34727	34517	35166	33708	34042	33304	32595	31324	31496	30489
1	68	26017	33733	30827	29599	28648	28005	27517	28258	28594	28620	29780	30594	30995	31727	32093	32865	33699	34057	33851	34487	33058	33385	32662	31965	30719	30888
1	69	24005	25456	33006	30164	28963	28032	27402	26925	27649	27979	28004	29139	29937	30330	31046	31405	32159	32977	33327	33125	33747	32350	32670	31962	31280	30061
1	70	24560	23431	24847	32220	29446	28272	27363	26748	26283	26989	27313	27337	28445	29225	29608	30307	30657	31393	32193	32535	32338	32944	31579	31894	31201	30535
1	71	22961	23912	22809	24188	31367	28667	27524	26641	26042	25589	26275	26592	26615	27694	28452	28826	29506	29847	30564	31343	31675	31484	32073	30745	31052	30376
1	72	20722	22287	23208	22137	23476	30447	27827	26718	25860	25278	24839	25505	25812	25834	26882	27618	27981	28641	28972	29669	30425	30747	30562	31134	29844	30142
1	73	18871	20053	21567	22459	21422	22719	29468	26933	25858	25029	24464	24039	24684	24981	25003	26016	26730	27081	27719	28039	28715	29446	29758	29579	30133	28884
1	74	19059	18214	19352	20815	21676	20675	21927	28441	25996	24958	24158	23612	23202	23824	24111	24132	25109	25798	26137	26753	27063	27715	28421	28722	28548	29084
1	75	18503	18325	17511	18605	20013	20841	19878	21083	27348	24996	23998	23227	22703	22309	22907	23183	23203	24143	24805	25130	25724	26022	26649	27328	27617	27450
1	76	17736	17724	17552	16772	17820	19169	19962	19041	20194	26196	23945	22987	22248	21746	21369	21942	22206	22224	23125	23760	24071	24640	24926	25527	26177	26454
1	77	16146	16924	16911	16747	16003	17003	18291	19048	18170	19269	24998	22851	21935	21231	20751	20391	20938	21190	21207	22067	22672	22969	23512	23785	24359	24979
1	78	15326	15329	16067	16055	15899	15193	16143	17366	18084	17251	18295	23735	21696	20828	20159	19702	19361	19880	20119	20135	20952	21526	21809	22325	22583	23128
1	79	14229	14465	14466	15163	15152	15004	14338	15235	16390	17069	16281	17267	22404	20477	19658	19027	18595	18274	18764	18988	19003	19776	20318	20585	21072	21316
1	80	12878	13341	13561	13563	14217	14206	14068	13444	14284	15367	16005	15265	16190	21008	19200	18433	17841	17436	17134	17593	17804	17818	18542	19051	19302	19758
1	81	11713	11990	12421	12626	12627	13236	13225	13097	12517	13299	14306	14901	14211	15074	19559	17876	17162	16610	16234	15952	16379	16575	16589	17264	17737	17970
1	82	10938	10813	11068	11466	11656	11656	12218	12208	12090	11555	12277	13206	13755	13118	13916	18058	16504	15845	15335	14988	14726	15121	15302	15315	15938	16374
1	83	9747	10000	9885	10118	10482	10656	10656	11170	11161	11053	10563	11224	12073	12575	11993	12722	16510	15089	14486	14020	13703	13463	13824	13990	14002	14571
1	84	8348	8814	9043	8939	9150	9479	9637	9636	10102	10094	9996	9553	10151	10919	11374	10846	11506	14933	13647	13102	12681	12393	12177	12503	12654	12664
1	85	7278	7461	7878	8082	7989	8178	8473	8614	8613	9030	9023	8935	8539	9074	9761	10168	9697	10285	13349	12199	11713	11337	11079	10886	11177	11312
1	86	6022	6417	6578	6946	7127	7046	7212	7473	7596	7595	7963	7957	7880	7531	8002	8608	8968	8553	9071	11772	10760	10331	9998	9771	9601	9857
1	87	5219	5232	5574	5714	6033	6192	6122	6266	6493	6600	6600	6919	6914	6847	6544	6953	7480	7792	7433	7882	10227	9352	8977	8688	8490	8343
1	88	4448	4467	4478	4770	4890	5163	5299	5239	5362	5558	5649	5649	5922	5918	5861	5602	5951	6403	6670	6363	6747	8753	8006	7685	7438	7268
1	89	3623	3748	3764	3773	4019	4121	4351	4465	4415	4518	4683	4759	4760	4991	4987	4939	4720	5014	5395	5619	5361	5684	7375	6746	6475	6267
1	90	3053	2999	3102	3115	3123	3326	3411	3601	3696	3654	3739	3876	3939	3939	4131	4127	4088	3906	4150	4465	4650	4437	4704	6104	5584	5360
1	91	2249	2474	2431	2514	2525	2531	2696	2764	2918	2995	2961	3030	3141	3192	3192	3348	3345	3313	3166	3363	3619	3769	3596	3812	4947	4526
1	92	1866	1780	1958	1924	1990	1998	2003	2134	2187	2309	2370	2343	2398	2486	2526	2526	2650	2647	2622	2506	2662	2864	2983	2846	3017	3915
1	93	1401	1439	1373	1510	1484	1535	1541	1545	1646	1687	1781	1828	1807	1849	1917	1948	1948	2044	2041	2022	1933	2053	2209	2300	2195	2327
1	94	985	1050	1079	1029	1132	1113	1151	1155	1158	1234	1265	1335	1371	1355	1386	1437	1461	1461	1532	1530	1516	1449	1539	1656	1724	1646
1	95	487	716	763	784	748	823	809	837	840	842	897	920	971	997	985	1008	1045	1062	1062	1114	1112	1102	1053	1119	1204	1253
1	96	324	343	504	537	552	527	580	570	590	592	593	632	648	684	702	694	710	736	748	748	785	783	776	742	788	848
1	97	235	221	234	344	366	377	360	396	389	402	404	405	431	442	467	479	473	484	502	510	510	536	534	529	506	538
1	98	140	155	146	154	227	241	248	237	261	256	265	266	267	284	291	308	315	312	319	331	336	336	353	352	348	333
1	99	105	89	98	93	98	144	153	157	150	166	162	168	169	169	180	185	195	200	198	202	210	213	213	224	223	221
1	100	65	64	54	60	57	60	88	93	95	91	101	99	102	103	103	109	113	119	122	120	123	128	130	130	136	136
1	101	34	38	37	31	35	33	35	51	54	55	53	59	57	59	60	60	63	65	69	71	70	71	74	75	75	79
1	102	18	19	21	20	17	19	18	19	28	30	30	29	32	31	32	33	33	35	36	38	39	39	39	41	41	41
1	103	10	9	10	11	10	9	10	9	10	15	16	16	15	17	16	17	17	17	18	19	20	20	20	20	21	21
1	104	4	5	4	5	5	5	4	5	4	5	7	8	8	7	8	8	8	8	8	9	9	10	10	10	10	10
1	105 - 109	2	3	3	3	3	3	3	3	3	3	3	4	5	6	6	6	6	7	7	7	7	7	8	8	8	8
1	110 and over	0	0	0	0	0	0	0	0	0	0	0	0	0	0	0	0	0	0	0	0	0	0	0	0	0	0
2	0	27384	27249	27388	27494	27572	27618	27630	27598	27530	27428	27293	27131	26955	26757	26552	26345	26137	25945	25772	25623	25508	25433	25396	25392	25416	25460
2	1	28115	27559	27390	27531	27637	27717	27764	27776	27744	27677	27575	27440	27278	27101	26903	26697	26490	26283	26090	25917	25768	25652	25576	25540	25536	25559
2	2	28804	28261	27670	27503	27645	27753	27834	27882	27894	27862	27795	27693	27557	27395	27218	27020	26813	26606	26399	26206	26031	25883	25768	25691	25655	25651
2	3	29823	28932	28357	27767	27601	27743	27853	27936	27983	27996	27964	27896	27794	27658	27496	27319	27121	26913	26706	26498	26306	26130	25982	25867	25790	25754
2	4	28590	29934	29014	28440	27850	27683	27828	27938	28022	28070	28083	28051	27983	27880	27744	27582	27406	27207	26999	26792	26583	26392	26215	26066	25952	25874
2	5	29424	28686	30005	29087	28513	27924	27757	27903	28013	28099	28147	28160	28128	28060	27956	27820	27658	27481	27283	27074	26867	26658	26468	26290	26141	26027
2	6	29276	29507	28746	30065	29150	28574	27987	27820	27966	28076	28163	28212	28224	28192	28124	28020	27883	27722	27544	27346	27138	26930	26721	26531	26353	26203
2	7	27994	29341	29555	28794	30114	29199	28625	28038	27871	28017	28127	28214	28263	28275	28243	28175	28071	27933	27772	27595	27397	27188	26980	26771	26579	26402
2	8	27547	28051	29382	29599	28838	30160	29245	28672	28083	27916	28062	28171	28259	28308	28320	28288	28220	28116	27978	27817	27640	27442	27233	27024	26815	26623
2	9	27107	27599	28087	29420	29640	28880	30201	29287	28712	28123	27956	28102	28211	28299	28348	28360	28328	28260	28157	28019	27859	27681	27482	27273	27064	26855
2	10	26496	27154	27633	28121	29456	29676	28917	30237	29324	28749	28159	27992	28139	28248	28336	28384	28397	28364	28297	28194	28056	27896	27717	27518	27309	27100
2	11	26013	26539	27183	27664	28153	29488	29709	28951	30272	29358	28783	28193	28025	28173	28282	28369	28418	28431	28398	28330	28228	28090	27928	27749	27550	27341
2	12	25884	26050	26563	27208	27691	28181	29516	29737	28979	30300	29386	28811	28222	28053	28201	28309	28397	28447	28460	28427	28358	28255	28117	27955	27776	27577
2	13	27062	25917	26069	26582	27229	27711	28202	29538	29756	28999	30322	29407	28833	28243	28074	28222	28330	28418	28468	28481	28448	28379	28276	28138	27976	27797
2	14	27349	27099	25940	26092	26607	27254	27738	28229	29565	29783	29027	30349	29435	28860	28271	28101	28249	28356	28445	28495	28508	28475	28406	28303	28165	28003
2	15	28545	27398	27134	25974	26127	26644	27292	27777	28268	29604	29822	29066	30388	29475	28899	28311	28139	28288	28394	28483	28533	28546	28513	28444	28341	28203
2	16	29163	28605	27441	27176	26018	26171	26688	27338	27823	28314	29651	29869	29114	30435	29523	28947	28357	28185	28334	28441	28529	28580	28594	28559	28490	28387
2	17	30251	29286	28702	27539	27274	26117	26267	26785	27436	27923	28416	29754	29973	29217	30539	29627	29051	28461	28288	28436	28542	28631	28682	28696	28661	28592
2	18	30968	30767	29747	29154	27988	27715	26556	26699	27218	27875	28369	28866	30209	30440	29686	31003	30101	29518	28922	28743	28890	28997	29087	29139	29155	29119
2	19	33033	32066	31756	30728	30123	28943	28658	27487	27620	28144	28812	29318	29824	31185	31433	30676	31995	31101	30503	29896	29708	29854	29963	30055	30110	30126
2	20	34563	34230	33117	32804	31771	31155	29963	29669	28485	28613	29144	29821	30336	30850	32233	32490	31726	33054	32158	31548	30932	30738	30884	30994	31088	31143
2	21	35723	35502	35010	33896	33589	32553	31936	30739	30441	29253	29379	29912	30592	31111	31630	33022	33283	32514	33848	32950	32335	31714	31519	31664	31775	31870
2	22	38871	36499	36102	35614	34507	34204	33172	32560	31361	31063	29874	30000	30535	31216	31735	32255	33648	33909	33138	34475	33574	32959	32337	32143	32288	32399
2	23	38606	39302	36737	36361	35885	34788	34499	33475	32871	31676	31386	30200	30335	30867	31544	32057	32573	33962	34213	33442	34781	33873	33263	32646	32457	32602
2	24	36646	38657	39161	36616	36267	35802	34722	34447	33432	32838	31655	31374	30198	30339	30865	31536	32039	32548	33924	34165	33398	34732	33821	33220	32611	32428
2	25	35995	36686	38531	39032	36511	36178	35724	34658	34388	33379	32791	31619	31344	30176	30319	30841	31505	32004	32508	33872	34107	33345	34672	33763	33168	32566
2	26	36648	36115	36679	38521	39024	36515	36194	35746	34685	34418	33412	32829	31661	31390	30225	30370	30890	31551	32046	32546	33907	34138	33378	34702	33792	33201
2	27	35933	36794	36152	36719	38562	39066	36569	36254	35808	34750	34484	33481	32901	31736	31465	30304	30450	30969	31627	32119	32620	33976	34204	33446	34768	33859
2	28	35421	36091	36857	36218	36789	38633	39139	36650	36336	35892	34835	34570	33571	32991	31828	31559	30399	30545	31064	31721	32211	32710	34064	34291	33534	34854
2	29	35683	35563	36151	36918	36283	36858	38704	39211	36725	36412	35969	34912	34650	33652	33073	31910	31642	30485	30631	31148	31806	32294	32792	34145	34371	33614
2	30	34586	35816	35625	36216	36985	36355	36932	38779	39287	36802	36490	36047	34990	34729	33732	33153	31991	31724	30568	30713	31229	31886	32375	32871	34224	34450
2	31	35202	34717	35887	35697	36293	37065	36437	37017	38864	39372	36888	36576	36133	35075	34814	33817	33238	32077	31809	30653	30798	31314	31971	32460	32956	34309
2	32	35934	35321	34785	35956	35770	36368	37142	36516	37096	38944	39452	36969	36656	36213	35154	34893	33895	33316	32155	31888	30732	30876	31391	32048	32539	33035
2	33	35334	36032	35375	34840	36013	35832	36429	37207	36580	37161	39007	39516	37035	36721	36276	35219	34957	33960	33379	32218	31953	30795	30939	31454	32111	32603
2	34	34655	35424	36083	35428	34897	36071	35892	36491	37270	36642	37224	39068	39578	37100	36783	36338	35282	35018	34022	33439	32279	32013	30855	30998	31514	32171
2	35	33126	34755	35489	36151	35500	34969	36144	35968	36567	37347	36719	37300	39145	39656	37179	36860	36415	35358	35093	34098	33513	32352	32086	30928	31069	31586
2	36	31341	33214	34812	35551	36214	35564	35034	36211	36036	36635	37416	36787	37368	39214	39726	37249	36928	36484	35426	35160	34165	33579	32418	32151	30992	31133
2	37	30293	31405	33250	34850	35592	36256	35607	35080	36256	36082	36680	37461	36833	37413	39260	39773	37295	36975	36530	35472	35205	34210	33624	32462	32195	31036
2	38	32403	30344	31429	33276	34878	35622	36287	35640	35111	36287	36114	36711	37493	36865	37445	39290	39805	37327	37006	36562	35504	35237	34242	33655	32494	32226
2	39	33020	32439	30361	31444	33293	34896	35641	36307	35660	35131	36306	36135	36731	37513	36884	37465	39309	39824	37348	37027	36582	35525	35258	34262	33675	32515
2	40	33179	33049	32447	30370	31454	33304	34908	35653	36320	35674	35144	36319	36148	36744	37526	36897	37478	39320	39837	37362	37040	36595	35538	35271	34276	33689
2	41	35381	33211	33061	32460	30386	31467	33318	34924	35669	36337	35691	35162	36335	36166	36760	37542	36914	37495	39335	39854	37381	37056	36611	35555	35288	34294
2	42	38075	35406	33220	33071	32470	30397	31477	33329	34935	35680	36348	35703	35175	36346	36178	36771	37553	36927	37506	39345	39866	37394	37066	36623	35567	35299
2	43	39781	38087	35404	33219	33069	32471	30400	31477	33329	34935	35680	36347	35704	35176	36345	36178	36771	37553	36927	37506	39343	39865	37395	37066	36623	35569
2	44	39213	39784	38077	35398	33213	33063	32466	30398	31472	33324	34929	35674	36341	35699	35171	36339	36173	36765	37547	36922	37500	39335	39858	37391	37060	36617
2	45	40706	39210	39765	38062	35386	33202	33053	32455	30391	31462	33313	34917	35663	36330	35689	35161	36327	36162	36753	37535	36911	37489	39322	39845	37380	37048
2	46	41544	40699	39192	39746	38046	35373	33191	33042	32444	30382	31451	33301	34905	35650	36316	35677	35149	36312	36150	36740	37521	36898	37475	39306	39830	37368
2	47	41388	41521	40666	39161	39713	38017	35347	33168	33019	32422	30361	31428	33276	34879	35625	36290	35652	35125	36286	36125	36713	37494	36872	37447	39277	39801
2	48	41419	41356	41478	40624	39122	39673	37980	35313	33137	32988	32392	30333	31397	33244	34845	35591	36255	35619	35092	36250	36091	36677	37457	36837	37411	39238
2	49	42736	41381	41306	41428	40577	39078	39628	37938	35275	33102	32951	32357	30301	31362	33207	34805	35552	36214	35580	35054	36208	36052	36635	37415	36796	37368
2	50	42569	42685	41323	41248	41371	40522	39025	39574	37888	35229	33059	32906	32313	30262	31319	33160	34757	35503	36166	35534	35008	36159	36004	36585	37364	36746
2	51	42219	42512	42620	41260	41187	41311	40463	38970	39515	37833	35179	33013	32858	32266	30220	31271	33109	34705	35451	36113	35484	34956	36106	35953	36532	37309
2	52	40847	42157	42442	42550	41196	41122	41246	40400	38910	39453	37776	35126	32964	32807	32217	30175	31222	33057	34651	35396	36056	35429	34902	36048	35897	36476
2	53	40041	40766	42063	42349	42458	41109	41034	41157	40314	38828	39370	37698	35053	32897	32737	32149	30113	31157	32986	34577	35321	35980	35355	34829	35971	35821
2	54	38522	39932	40648	41941	42228	42338	40993	40918	41042	40202	38720	39260	37593	34955	32805	32645	32058	30029	31068	32892	34478	35222	35880	35256	34732	35870
2	55	38639	38408	39805	40520	41809	42096	42207	40867	40792	40916	40079	38601	39139	37479	34849	32706	32544	31959	29938	30972	32790	34371	35114	35770	35148	34626
2	56	37488	38514	38277	39669	40383	41668	41955	42066	40731	40658	40780	39945	38473	39007	37355	34735	32598	32435	31853	29838	30869	32680	34255	34997	35651	35031
2	57	36344	37349	38365	38129	39515	40230	41509	41796	41907	40578	40504	40626	39794	38327	38859	37215	34605	32475	32311	31732	29726	30751	32555	34123	34864	35515
2	58	35232	36184	37179	38191	37957	39338	40050	41322	41609	41720	40396	40324	40445	39617	38157	38686	37050	34451	32330	32166	31589	29594	30613	32409	33969	34708
2	59	33918	35057	36000	36990	37997	37764	39140	39849	41114	41401	41510	40194	40121	40243	39418	37967	38492	36865	34280	32169	32004	31431	29445	30459	32245	33798
2	60	33317	33746	34873	35811	36794	37798	37569	38938	39643	40901	41187	41296	39988	39914	40036	39216	37772	38294	36675	34105	32004	31840	31269	29294	30301	32076
2	61	32805	33133	33555	34674	35608	36587	37586	37360	38721	39422	40672	40957	41066	39765	39691	39812	38998	37563	38079	36472	33916	31827	31662	31094	29132	30131
2	62	31633	32598	32918	33338	34449	35379	36352	37344	37122	38473	39170	40411	40695	40803	39512	39438	39558	38749	37322	37836	36240	33700	31624	31458	30894	28945
2	63	32033	31407	32358	32678	33093	34197	35120	36088	37074	36855	38194	38887	40118	40401	40509	39227	39154	39272	38468	37053	37562	35979	33457	31395	31230	30669
2	64	31886	31769	31144	32087	32404	32816	33912	34828	35787	36766	36548	37878	38564	39785	40066	40172	38901	38829	38946	38149	36746	37250	35680	33179	31134	30969
2	65	32839	31587	31467	30848	31782	32097	32505	33591	34499	35450	36419	36203	37521	38201	39410	39689	39794	38534	38464	38578	37791	36399	36898	35344	32866	30840
2	66	33885	32498	31253	31134	30523	31446	31759	32163	33237	34137	35077	36037	35823	37128	37801	38997	39275	39379	38130	38061	38175	37395	36017	36511	34974	32521
2	67	36794	33491	32116	30886	30767	30165	31077	31386	31785	32846	33736	34667	35615	35404	36693	37358	38540	38815	38917	37683	37615	37728	36957	35594	36083	34565
2	68	27792	36319	33059	31701	30487	30371	29776	30676	30980	31374	32421	33301	34220	35156	34948	36219	36876	38042	38315	38415	37197	37130	37241	36480	35135	35619
2	69	26619	27393	35795	32583	31243	30047	29933	29345	30234	30532	30921	31953	32820	33727	34648	34444	35697	36345	37494	37765	37862	36662	36595	36705	35955	34630
2	70	26897	26190	26951	35217	32058	30739	29563	29450	28871	29746	30039	30422	31437	32290	33183	34089	33888	35121	35759	36890	37156	37252	36071	36005	36113	35376
2	71	26363	26414	25718	26465	34585	31482	30186	29030	28921	28352	29211	29500	29876	30871	31709	32586	33476	33279	34490	35116	36227	36488	36582	35423	35358	35464
2	72	24343	25836	25883	25201	25934	33894	30852	29582	28449	28343	27784	28627	28911	29277	30253	31073	31934	32806	32613	33800	34414	35503	35759	35851	34715	34652
2	73	22743	23812	25270	25317	24651	25367	33152	30179	28937	27829	27724	27177	28001	28280	28638	29592	30394	31236	32089	31902	33062	33663	34728	34979	35069	33957
2	74	23112	22198	23240	24664	24710	24060	24758	32358	29457	28244	27163	27060	26526	27331	27603	27951	28883	29666	30488	31321	31138	32270	32858	33896	34143	34230
2	75	22457	22498	21607	22621	24006	24051	23418	24097	31497	28672	27491	26439	26338	25818	26603	26867	27206	28113	28876	29676	30486	30309	31411	31984	32994	33236
2	76	21792	21798	21835	20970	21955	23297	23343	22727	23387	30569	27828	26681	25660	25561	25058	25819	26074	26405	27285	28026	28803	29589	29417	30486	31042	32023
2	77	21038	21080	21085	21121	20284	21237	22536	22579	21984	22623	29569	26918	25809	24821	24726	24239	24975	25222	25542	26394	27110	27862	28622	28456	29490	30029
2	78	20145	20271	20310	20315	20350	19543	20460	21714	21753	21180	21798	28489	25935	24866	23913	23821	23353	24061	24299	24608	25428	26118	26843	27575	27417	28413
2	79	19033	19317	19438	19474	19479	19513	18740	19619	20820	20859	20308	20901	27317	24868	23842	22929	22841	22392	23072	23299	23596	24383	25044	25739	26442	26289
2	80	17699	18150	18421	18537	18571	18576	18608	17872	18709	19856	19892	19368	19933	26052	23716	22738	21867	21783	21354	22003	22220	22503	23254	23884	24547	25219
2	81	16503	16777	17203	17461	17572	17604	17609	17639	16941	17735	18822	18856	18360	18895	24697	22483	21555	20729	20649	20243	20858	21064	21332	22044	22641	23270
2	82	16231	15537	15795	16196	16440	16543	16574	16579	16607	15950	16697	17720	17752	17285	17789	23253	21168	20294	19516	19441	19058	19637	19832	20084	20755	21316
2	83	14848	15162	14514	14754	15129	15358	15454	15483	15488	15514	14902	15599	16555	16585	16148	16620	21724	19777	18959	18232	18161	17804	18345	18526	18763	19388
2	84	13550	13747	14036	13436	13658	14007	14219	14307	14333	14339	14363	13796	14441	15327	15354	14949	15386	20112	18310	17553	16880	16814	16484	16985	17151	17372
2	85	12133	12419	12599	12864	12314	12517	12837	13032	13112	13137	13142	13165	12645	13236	14048	14073	13702	14103	18435	16784	16090	15473	15413	15111	15569	15722
2	86	10618	11000	11259	11423	11662	11165	11348	11639	11816	11888	11911	11915	11936	11465	12000	12737	12760	12424	12787	16714	15218	14589	14030	13976	13701	14116
2	87	9633	9503	9845	10077	10222	10438	9992	10156	10418	10574	10641	10660	10664	10683	10260	10741	11400	11421	11120	11444	14960	13622	13059	12559	12509	12264
2	88	8655	8497	8383	8684	8889	9015	9207	8813	8958	9188	9327	9385	9403	9407	9423	9050	9473	10056	10074	9809	10095	13197	12017	11519	11079	11036
2	89	7204	7518	7379	7281	7543	7721	7831	7997	7656	7782	7982	8102	8153	8167	8171	8186	7862	8228	8736	8751	8521	8769	11464	10440	10007	9624
2	90	6310	6152	6421	6302	6218	6442	6594	6688	6830	6538	6646	6817	6919	6963	6975	6978	6991	6714	7027	7461	7474	7277	7489	9791	8917	8547
2	91	5270	5293	5161	5386	5287	5216	5404	5532	5610	5730	5485	5575	5719	5804	5841	5851	5854	5865	5632	5895	6259	6270	6105	6282	8214	7480
2	92	4499	4331	4349	4241	4426	4344	4286	4441	4546	4610	4709	4507	4581	4699	4769	4800	4808	4810	4819	4628	4844	5143	5152	5017	5162	6750
2	93	3768	3607	3472	3487	3400	3548	3482	3436	3560	3644	3696	3775	3613	3672	3767	3823	3848	3854	3856	3863	3710	3883	4123	4130	4022	4138
2	94	3055	2940	2815	2709	2721	2653	2769	2717	2681	2778	2844	2884	2946	2819	2865	2940	2983	3003	3007	3009	3014	2895	3030	3217	3223	3139
2	95	1627	2316	2228	2134	2053	2062	2011	2099	2059	2032	2106	2156	2186	2233	2137	2172	2228	2261	2276	2279	2281	2284	2194	2297	2438	2443
2	96	1165	1196	1702	1637	1568	1509	1515	1478	1542	1513	1493	1548	1584	1606	1641	1570	1596	1637	1661	1672	1675	1676	1678	1612	1688	1792
2	97	918	829	851	1211	1165	1115	1073	1078	1051	1097	1076	1062	1101	1127	1142	1167	1117	1135	1165	1182	1189	1192	1192	1194	1147	1201
2	98	688	631	570	585	833	801	767	738	741	723	754	740	730	757	775	785	803	768	781	801	813	818	820	820	821	789
2	99	479	457	419	378	388	553	532	509	490	492	480	500	491	484	502	514	521	533	510	518	532	539	543	544	544	545
2	100	326	306	292	268	241	248	353	340	325	313	314	307	319	314	309	321	328	333	340	326	331	340	344	347	347	347
2	101	197	200	188	179	165	148	152	217	209	200	192	193	189	196	193	190	197	202	205	209	200	203	209	211	213	213
2	102	110	117	119	112	106	98	88	90	129	124	119	114	115	112	116	115	113	117	120	122	124	119	120	124	125	126
2	103	69	62	66	67	63	60	55	50	51	73	70	67	64	65	63	66	65	64	66	68	69	70	67	68	70	71
2	104	38	37	33	35	36	34	32	29	27	27	39	37	36	34	35	34	35	35	34	35	36	37	37	36	36	37
2	105 - 109	45	39	36	33	33	34	33	31	30	28	27	32	33	32	32	33	33	33	34	33	33	34	35	35	34	34
2	110 and over	0	0	0	0	0	0	0	0	0	0	0	0	0	0	0	0	0	0	0	0	0	0	0	0	0	0
