Sex	Age	2014	2015	2016	2017	2018	2019	2020	2021	2022	2023	2024	2025	2026	2027	2028	2029	2030	2031	2032	2033	2034	2035	2036	2037	2038	2039
1	0	28913	28639	29617	29944	30457	31093	31744	32350	32878	33373	33894	34264	34437	34493	34410	34295	34182	34086	34084	34151	34184	34177	34192	34265	34389	34559
1	1	29337	29127	28846	29826	30156	30673	31311	31966	32574	33104	33601	34122	34494	34667	34725	34641	34527	34414	34317	34315	34382	34416	34408	34423	34497	34622
1	2	30424	29514	29297	29018	30000	30334	30852	31493	32149	32759	33291	33788	34310	34682	34856	34913	34830	34715	34602	34505	34503	34570	34604	34597	34611	34685
1	3	31184	30560	29642	29427	29149	30133	30470	30989	31629	32287	32898	33430	33928	34450	34822	34997	35054	34971	34856	34742	34646	34643	34710	34744	34737	34751
1	4	29656	31294	30666	29751	29535	29259	30246	30584	31104	31743	32402	33014	33545	34045	34567	34939	35115	35172	35089	34973	34860	34763	34761	34828	34862	34855
1	5	30352	29758	31391	30766	29850	29637	29362	30350	30689	31209	31847	32507	33120	33652	34152	34675	35047	35223	35279	35197	35081	34969	34872	34870	34937	34971
1	6	30378	30444	29847	31481	30856	29943	29729	29455	30444	30784	31304	31942	32603	33217	33749	34249	34773	35145	35321	35377	35295	35179	35068	34971	34969	35036
1	7	29262	30459	30524	29928	31563	30940	30027	29814	29540	30529	30869	31391	32028	32689	33305	33837	34337	34862	35235	35410	35466	35384	35268	35156	35059	35057
1	8	28610	29328	30524	30590	29995	31632	31010	30097	29885	29611	30599	30940	31462	32099	32760	33378	33908	34409	34935	35308	35483	35539	35457	35340	35229	35132
1	9	28635	28671	29387	30585	30652	30058	31695	31074	30161	29948	29673	30663	31004	31526	32164	32825	33444	33974	34475	35001	35374	35549	35605	35524	35406	35295
1	10	28184	28700	28735	29452	30653	30721	30128	31764	31144	30229	30016	29741	30731	31072	31595	32235	32897	33515	34046	34547	35073	35446	35622	35678	35597	35478
1	11	27029	28252	28765	28802	29519	30723	30793	30199	31836	31217	30301	30086	29811	30801	31142	31667	32308	32971	33589	34120	34622	35148	35521	35698	35753	35672
1	12	26889	27082	28303	28817	28856	29574	30779	30849	30255	31893	31275	30358	30143	29867	30858	31199	31725	32367	33029	33646	34179	34680	35206	35579	35755	35812
1	13	27929	26947	27135	28358	28872	28913	29631	30837	30907	30313	31951	31333	30416	30202	29926	30917	31259	31784	32427	33087	33705	34238	34739	35266	35639	35815
1	14	29027	27999	27014	27202	28426	28942	28985	29703	30910	30980	30385	32024	31407	30488	30274	29998	30989	31332	31857	32500	33162	33780	34313	34814	35341	35715
1	15	30060	29096	28065	27081	27268	28495	29012	29055	29772	30981	31051	30455	32095	31477	30558	30343	30067	31059	31402	31928	32571	33233	33852	34385	34886	35413
1	16	30657	30139	29172	28141	27157	27346	28574	29091	29134	29852	31061	31132	30535	32174	31557	30638	30423	30147	31138	31483	32008	32651	33314	33934	34465	34967
1	17	31830	30786	30263	29298	28266	27283	27473	28702	29219	29263	29981	31191	31264	30666	32306	31690	30771	30555	30279	31269	31616	32142	32785	33448	34069	34601
1	18	32612	32221	31159	30634	29668	28634	27646	27836	29067	29590	29637	30356	31570	31648	31049	32689	32080	31157	30937	30660	31650	32002	32529	33176	33841	34466
1	19	33734	33426	33002	31936	31403	30434	29392	28395	28580	29817	30351	30403	31124	32351	32437	31836	33479	32878	31948	31721	31442	32434	32794	33326	33977	34649
1	20	35028	34690	34340	33918	32845	32311	31334	30285	29276	29459	30705	31248	31304	32030	33270	33363	32758	34408	33810	32872	32640	32358	33356	33722	34257	34915
1	21	35258	35851	35475	35128	34706	33635	33099	32123	31067	30052	30232	31486	32033	32091	32821	34069	34164	33558	35211	34615	33673	33439	33154	34156	34525	35063
1	22	37784	36017	36570	36200	35854	35439	34370	33837	32859	31801	30783	30963	32220	32769	32828	33561	34811	34909	34301	35956	35362	34418	34183	33897	34900	35270
1	23	38453	38430	36621	37185	36818	36482	36073	35009	34479	33501	32445	31428	31610	32869	33416	33474	34207	35457	35553	34944	36602	36004	35062	34827	34543	35546
1	24	36695	38845	38786	36989	37561	37203	36876	36474	35415	34889	33914	32865	31853	32038	33294	33836	33893	34624	35868	35961	35353	37008	36408	35469	35238	34954
1	25	36179	36966	39088	39035	37249	37830	37479	37159	36760	35705	35183	34212	33169	32163	32348	33601	34139	34194	34924	36162	36252	35646	37296	36695	35761	35533
1	26	36253	36444	37214	39338	39287	37513	38102	37756	37437	37042	35989	35470	34502	33463	32461	32648	33898	34433	34487	35214	36450	36539	35933	37580	36979	36047
1	27	34898	36505	36683	37459	39581	39535	37772	38365	38020	37703	37310	36260	35743	34778	33741	32743	32929	34178	34711	34764	35490	36723	36811	36206	37850	37249
1	28	34875	35125	36720	36905	37682	39808	39767	38012	38604	38260	37945	37553	36505	35989	35028	33993	32997	33183	34430	34963	35015	35739	36971	37059	36452	38095
1	29	34277	35055	35299	36898	37085	37867	39994	39957	38205	38797	38455	38141	37750	36704	36189	35229	34197	33204	33390	34635	35166	35218	35942	37172	37259	36652
1	30	33152	34449	35220	35468	37068	37260	38045	40172	40135	38387	38979	38637	38325	37935	36890	36377	35418	34388	33396	33583	34827	35357	35409	36131	37360	37447
1	31	33589	33314	34603	35379	35628	37230	37426	38213	40337	40302	38556	39147	38806	38495	38104	37062	36549	35593	34564	33573	33759	35003	35532	35583	36305	37533
1	32	33800	33708	33430	34723	35499	35752	37355	37553	38338	40460	40425	38680	39273	38931	38621	38231	37189	36679	35725	34695	33706	33892	35135	35663	35716	36435
1	33	33945	33924	33828	33555	34846	35626	35882	37485	37684	38469	40588	40555	38813	39403	39062	38752	38364	37322	36812	35860	34831	33844	34028	35270	35798	35852
1	34	33300	34061	34039	33947	33674	34967	35750	36008	37610	37810	38595	40711	40679	38939	39528	39187	38877	38490	37448	36937	35988	34959	33971	34156	35396	35926
1	35	32397	33389	34149	34131	34040	33771	35063	35848	36107	37706	37907	38692	40806	40775	39036	39624	39284	38974	38587	37546	37035	36087	35059	34072	34256	35493
1	36	29842	32481	33475	34237	34221	34133	33866	35158	35943	36202	37800	38002	38787	40897	40869	39130	39717	39379	39068	38682	37642	37130	36183	35156	34170	34351
1	37	29753	29917	32555	33552	34315	34303	34217	33950	35242	36027	36287	37883	38086	38870	40979	40952	39216	39800	39463	39152	38767	37728	37216	36269	35242	34256
1	38	31344	29804	29971	32606	33605	34372	34362	34277	34011	35300	36086	36347	37942	38144	38930	41036	41009	39276	39858	39522	39212	38826	37789	37276	36329	35302
1	39	31368	31360	29826	29994	32627	33628	34395	34387	34302	34037	35324	36110	36372	37963	38168	38952	41056	41031	39301	39880	39545	39235	38851	37814	37300	36355
1	40	32149	31377	31372	29843	30012	32643	33645	34413	34404	34320	34056	35341	36126	36388	37977	38185	38966	41067	41044	39317	39894	39559	39250	38866	37832	37317
1	41	33967	32164	31396	31392	29866	30035	32664	33669	34436	34429	34345	34082	35363	36150	36413	37999	38207	38987	41085	41066	39341	39915	39582	39273	38890	37856
1	42	35725	33959	32164	31397	31394	29872	30041	32669	33673	34441	34435	34351	34088	35369	36155	36418	38002	38211	38991	41086	41070	39346	39919	39588	39278	38895
1	43	36863	35701	33943	32153	31386	31385	29866	30036	32660	33664	34432	34427	34344	34082	35361	36146	36409	37991	38203	38981	41074	41060	39338	39910	39580	39269
1	44	36585	36838	35686	33932	32145	31379	31378	29865	30034	32654	33659	34428	34424	34342	34080	35357	36143	36405	37986	38199	38977	41067	41056	39336	39906	39577
1	45	37998	36542	36801	35655	33906	32121	31357	31358	29849	30017	32632	33638	34408	34405	34324	34062	35337	36122	36385	37964	38178	38955	41042	41034	39316	39884
1	46	38731	37937	36493	36751	35612	33868	32086	31326	31325	29821	29988	32598	33604	34375	34373	34293	34032	35305	36090	36352	37929	38145	38920	41004	41000	39283
1	47	39506	38661	37879	36441	36699	35566	33826	32049	31291	31289	29790	29956	32561	33568	34340	34338	34260	33998	35269	36053	36316	37891	38108	38882	40963	40961
1	48	38983	39420	38589	37813	36378	36637	35510	33775	32004	31246	31245	29750	29917	32516	33524	34296	34294	34217	33955	35225	36008	36272	37845	38062	38835	40914
1	49	40584	38900	39346	38522	37750	36321	36581	35460	33730	31962	31207	31207	29716	29882	32476	33484	34256	34255	34179	33918	35187	35969	36234	37804	38022	38793
1	50	39732	40502	38836	39282	38464	37698	36275	36536	35419	33694	31931	31177	31177	29691	29856	32445	33454	34228	34227	34153	33891	35158	35940	36205	37773	37992
1	51	39875	39649	40429	38775	39220	38410	37648	36232	36492	35381	33661	31901	31148	31148	29667	29830	32415	33426	34201	34202	34127	33865	35131	35913	36177	37742
1	52	39351	39770	39559	40342	38697	39144	38341	37583	36174	36436	35328	33614	31859	31106	31107	29631	29794	32374	33385	34159	34162	34087	33826	35090	35871	36135
1	53	38243	39218	39654	39448	40234	38600	39047	38252	37499	36097	36359	35256	33548	31798	31048	31049	29578	29739	32313	33326	34098	34103	34029	33768	35029	35810
1	54	37187	38095	39084	39525	39326	40114	38492	38940	38150	37404	36007	36270	35173	33472	31728	30979	30980	29515	29675	32243	33256	34027	34033	33959	33700	34957
1	55	36592	37016	37937	38929	39375	39183	39972	38361	38811	38027	37287	35897	36160	35071	33377	31641	30893	30894	29436	29595	32154	33167	33938	33944	33870	33611
1	56	35552	36404	36846	37769	38762	39213	39028	39817	38220	38669	37894	37159	35777	36040	34958	33271	31543	30797	30798	29347	29505	32054	33067	33837	33843	33769
1	57	34895	35360	36226	36675	37599	38594	39050	38872	39660	38076	38525	37758	37028	35654	35917	34843	33164	31442	30699	30701	29256	29411	31953	32964	33732	33738
1	58	33754	34681	35166	36035	36488	37414	38409	38870	38698	39486	37915	38364	37605	36881	35515	35778	34711	33041	31327	30588	30590	29152	29305	31836	32845	33610
1	59	32194	33509	34454	34943	35813	36272	37198	38194	38657	38492	39280	37723	38172	37420	36704	35346	35608	34552	32890	31186	30449	30451	29021	29173	31692	32697
1	60	31896	31934	33263	34208	34703	35574	36038	36964	37960	38426	38267	39054	37512	37961	37216	36508	35160	35421	34374	32722	31027	30294	30294	28874	29023	31528
1	61	31236	31611	31675	33002	33948	34448	35320	35788	36713	37708	38177	38024	38809	37284	37731	36995	36294	34955	35215	34177	32536	30852	30122	30122	28711	28858
1	62	30105	30924	31323	31396	32719	33666	34169	35043	35513	36437	37430	37901	37755	38538	37029	37475	36748	36054	34725	34985	33956	32326	30654	29928	29929	28527
1	63	30290	29772	30609	31017	31098	32417	33365	33872	34744	35217	36140	37129	37602	37462	38244	36750	37195	36477	35789	34473	34731	33712	32094	30435	29714	29714
1	64	30600	29926	29443	30283	30696	30787	32099	33048	33557	34428	34903	35823	36810	37284	37150	37928	36451	36894	36185	35505	34199	34457	33449	31844	30198	29481
1	65	31190	30198	29566	29100	29939	30360	30459	31765	32712	33223	34092	34570	35485	36470	36944	36817	37591	36131	36571	35871	35199	33905	34162	33163	31572	29940
1	66	31986	30721	29779	29168	28721	29560	29986	30093	31392	32335	32848	33713	34192	35103	36082	36557	36435	37204	35762	36200	35510	34845	33565	33821	32831	31256
1	67	34396	31440	30234	29321	28733	28304	29141	29572	29685	30976	31914	32428	33288	33768	34672	35644	36118	36002	36765	35343	35778	35098	34441	33177	33430	32452
1	68	26017	33737	30883	29714	28830	28266	27854	28688	29122	29243	30523	31456	31967	32819	33299	34195	35159	35631	35520	36275	34876	35306	34636	33988	32741	32992
1	69	24005	25459	33068	30291	29158	28305	27764	27370	28199	28637	28765	30032	30955	31461	32305	32783	33670	34623	35093	34987	35733	34357	34781	34122	33484	32257
1	70	24560	23435	24899	32361	29662	28568	27745	27228	26853	27676	28116	28249	29499	30410	30912	31748	32223	33101	34041	34507	34406	35141	33790	34208	33561	32933
1	71	22961	23913	22861	24305	31611	28992	27938	27147	26654	26298	27115	27555	27693	28923	29824	30322	31148	31618	32485	33411	33872	33775	34498	33174	33585	32950
1	72	20722	22289	23261	22254	23676	30814	28279	27266	26506	26037	25700	26509	26949	27093	28303	29192	29685	30500	30964	31817	32728	33182	33089	33798	32502	32905
1	73	18871	20054	21621	22582	21618	23016	29977	27528	26556	25829	25384	25066	25865	26303	26452	27640	28515	29003	29804	30261	31100	31992	32438	32348	33042	31777
1	74	19059	18215	19404	20937	21885	20966	22337	29111	26751	25821	25127	24705	24406	25193	25628	25782	26945	27805	28287	29071	29520	30344	31216	31652	31566	32244
1	75	18503	18327	17562	18725	20221	21153	20279	21621	28199	25926	25039	24379	23980	23700	24474	24904	25061	26198	27041	27515	28280	28720	29524	30375	30800	30717
1	76	17736	17725	17610	16890	18023	19479	20393	19565	20874	27243	25063	24218	23592	23216	22954	23713	24137	24296	25404	26228	26692	27437	27866	28647	29475	29887
1	77	16146	16926	16970	16876	16201	17304	18717	19611	18829	20102	26253	24166	23365	22772	22420	22176	22917	23334	23494	24570	25371	25824	26548	26964	27722	28523
1	78	15326	15331	16130	16190	16115	15486	16555	17922	18792	18059	19292	25212	23222	22465	21905	21577	21351	22072	22480	22639	23681	24456	24895	25594	25997	26728
1	79	14229	14466	14530	15307	15381	15325	14740	15772	17089	17934	17246	18437	24113	22222	21509	20983	20678	20470	21168	21564	21721	22725	23472	23895	24567	24955
1	80	12878	13343	13627	13707	14459	14546	14508	13967	14959	16221	17038	16397	17542	22958	21169	20501	20009	19727	19536	20207	20591	20744	21708	22422	22829	23471
1	81	11713	11991	12487	12775	12869	13593	13692	13670	13173	14122	15326	16112	15519	16614	21758	20074	19451	18993	18733	18558	19201	19570	19718	20636	21316	21705
1	82	10938	10813	11134	11617	11905	12013	12706	12812	12806	12354	13256	14399	15150	14605	15647	20504	18929	18352	17927	17687	17528	18140	18492	18633	19504	20146
1	83	9747	10001	9948	10266	10734	11020	11138	11798	11911	11919	11510	12362	13440	14153	13654	14639	19197	17733	17200	16810	16591	16445	17022	17355	17491	18306
1	84	8348	8815	9108	9082	9393	9843	10125	10252	10876	10995	11014	10647	11446	12456	13127	12675	13599	17844	16492	16005	15648	15448	15315	15854	16166	16292
1	85	7278	7461	7942	8227	8224	8526	8955	9231	9363	9948	10070	10099	9773	10516	11454	12081	11674	12533	16456	15218	14775	14450	14269	14149	14648	14936
1	86	6022	6417	6636	7083	7358	7376	7666	8071	8338	8473	9016	9139	9176	8889	9574	10438	11018	10656	11447	15038	13915	13515	13221	13057	12950	13406
1	87	5219	5233	5630	5839	6251	6512	6547	6823	7202	7456	7591	8091	8213	8256	8007	8630	9419	9950	9632	10353	13605	12597	12237	11974	11827	11730
1	88	4448	4467	4527	4884	5082	5457	5702	5751	6011	6360	6601	6734	7189	7307	7355	7140	7703	8414	8895	8616	9267	12180	11285	10963	10729	10598
1	89	3623	3748	3808	3871	4189	4373	4710	4938	4996	5237	5556	5781	5909	6319	6431	6481	6298	6800	7434	7864	7622	8202	10783	9996	9711	9504
1	90	3053	2999	3142	3202	3265	3545	3713	4013	4221	4285	4506	4794	5000	5120	5486	5590	5640	5486	5928	6486	6866	6657	7167	9426	8739	8490
1	91	2249	2474	2464	2590	2648	2709	2952	3103	3366	3553	3620	3819	4075	4261	4372	4693	4788	4836	4708	5092	5575	5905	5727	6168	8113	7522
1	92	1866	1780	1988	1986	2095	2149	2207	2414	2547	2774	2939	3006	3182	3406	3571	3672	3948	4033	4078	3973	4301	4711	4992	4843	5217	6863
1	93	1401	1439	1396	1564	1568	1660	1709	1762	1935	2050	2242	2385	2449	2602	2794	2938	3028	3261	3335	3375	3291	3565	3907	4141	4018	4329
1	94	985	1050	1099	1069	1202	1210	1285	1329	1375	1517	1614	1773	1895	1954	2084	2246	2368	2446	2639	2702	2737	2670	2894	3173	3364	3264
1	95	487	716	779	818	798	901	910	970	1008	1047	1160	1241	1369	1471	1523	1632	1765	1866	1932	2088	2140	2169	2117	2296	2518	2669
1	96	324	343	516	563	593	580	657	667	714	745	777	865	930	1032	1114	1159	1248	1354	1436	1490	1613	1655	1678	1639	1778	1950
1	97	235	221	240	362	396	418	410	467	476	512	536	562	629	680	758	823	861	931	1014	1079	1122	1216	1249	1267	1238	1343
1	98	140	155	150	163	246	270	286	282	322	330	356	375	395	444	483	542	591	622	676	739	789	822	892	917	930	909
1	99	105	89	101	98	107	162	178	190	188	215	221	240	254	269	304	333	376	412	436	477	523	560	585	635	654	663
1	100	65	64	56	64	62	68	103	113	121	121	139	143	156	166	177	201	222	252	278	296	325	358	385	403	438	451
1	101	34	38	38	34	39	38	41	63	69	74	74	86	89	97	104	112	128	142	162	180	193	213	236	255	267	291
1	102	18	19	22	22	20	23	22	24	37	40	43	44	51	53	58	62	68	78	87	100	112	121	134	149	162	170
1	103	10	9	10	12	12	11	13	12	13	21	22	24	25	29	30	33	35	39	45	51	59	67	72	81	90	98
1	104	4	5	5	5	6	6	6	7	6	7	11	12	13	13	16	16	18	19	21	25	28	33	38	41	47	52
1	105 - 109	2	3	3	3	3	4	4	4	4	4	4	6	8	11	11	12	13	15	17	19	21	24	29	33	37	44
1	110 and over	0	0	0	0	0	0	0	0	0	0	0	0	0	0	0	0	0	0	0	0	0	0	0	0	0	0
2	0	27384	27284	28214	28526	29014	29620	30241	30816	31319	31791	32288	32639	32805	32857	32778	32669	32560	32471	32467	32532	32563	32556	32571	32639	32757	32921
2	1	28115	27584	27477	28410	28724	29215	29824	30449	31023	31528	32002	32502	32853	33019	33071	32992	32883	32775	32687	32682	32747	32779	32771	32787	32855	32974
2	2	28804	28288	27749	27646	28579	28896	29390	30002	30628	31202	31707	32184	32684	33036	33202	33255	33176	33067	32959	32871	32866	32931	32963	32955	32971	33039
2	3	29823	28955	28433	27895	27792	28727	29048	29544	30156	30782	31357	31864	32342	32844	33195	33361	33416	33335	33227	33119	33032	33025	33091	33122	33115	33131
2	4	28590	29955	29081	28561	28023	27921	28859	29180	29676	30290	30916	31491	31999	32478	32981	33333	33499	33553	33473	33366	33258	33171	33163	33229	33260	33253
2	5	29424	28706	30067	29195	28676	28137	28036	28975	29297	29795	30408	31035	31609	32119	32598	33102	33456	33620	33675	33595	33488	33379	33293	33284	33350	33382
2	6	29276	29524	28800	30161	29291	28772	28234	28133	29072	29396	29894	30507	31135	31710	32219	32699	33204	33557	33722	33777	33697	33590	33481	33395	33386	33452
2	7	27994	29356	29601	28878	30240	29370	28853	28315	28214	29153	29476	29974	30589	31218	31792	32302	32781	33287	33641	33806	33861	33781	33674	33564	33478	33469
2	8	27547	28064	29425	29672	28949	30311	29442	28926	28387	28286	29225	29549	30048	30663	31293	31867	32378	32856	33362	33717	33883	33938	33858	33749	33640	33553
2	9	27107	27611	28126	29488	29737	29014	30377	29509	28992	28454	28353	29293	29617	30117	30731	31361	31935	32446	32925	33430	33786	33952	34007	33927	33818	33709
2	10	26496	27166	27668	28185	29547	29797	29075	30437	29570	29053	28516	28415	29354	29679	30179	30792	31423	31997	32508	32988	33494	33850	34015	34070	33990	33882
2	11	26013	26550	27219	27722	28239	29603	29853	29132	30494	29627	29110	28573	28472	29411	29736	30235	30850	31481	32055	32567	33046	33553	33909	34074	34129	34050
2	12	25884	26061	26596	27267	27771	28289	29652	29903	29183	30544	29678	29160	28624	28523	29462	29787	30285	30900	31532	32107	32618	33098	33606	33962	34126	34182
2	13	27062	25928	26101	26638	27310	27815	28332	29695	29947	29227	30588	29722	29205	28669	28567	29506	29832	30330	30943	31576	32151	32662	33142	33650	34006	34170
2	14	27349	27111	25974	26148	26685	27357	27865	28382	29745	29996	29277	30638	29773	29257	28720	28618	29557	29884	30382	30994	31626	32202	32712	33192	33700	34056
2	15	28545	27410	27169	26033	26206	26744	27418	27927	28444	29808	30059	29339	30701	29836	29320	28783	28681	29620	29948	30447	31058	31689	32265	32775	33256	33764
2	16	29163	28616	27477	27237	26101	26275	26814	27488	27998	28516	29880	30131	29413	30773	29909	29393	28856	28754	29692	30021	30520	31131	31763	32339	32849	33330
2	17	30251	29303	28751	27610	27371	26235	26408	26948	27623	28136	28655	30021	30273	29555	30915	30052	29535	28997	28894	29832	30162	30662	31274	31907	32484	32995
2	18	30968	30801	29833	29276	28130	27884	26747	26912	27455	28136	28656	29180	30552	30815	30099	31456	30602	30079	29534	29427	30366	30703	31207	31824	32464	33046
2	19	33033	32127	31913	30941	30371	29214	28955	27809	27963	28512	29205	29735	30271	31662	31942	31225	32585	31740	31202	30648	30534	31480	31828	32340	32968	33619
2	20	34563	34313	33345	33133	32153	31577	30408	30141	28982	29132	29688	30391	30931	31477	32887	33180	32455	33827	32979	32430	31868	31750	32705	33063	33581	34219
2	21	35723	35601	35293	34329	34117	33140	32563	31392	31121	29956	30104	30663	31371	31915	32466	33885	34182	33454	34831	33981	33428	32861	32742	33702	34062	34585
2	22	38871	36618	36440	36140	35178	34976	34002	33430	32257	31988	30820	30970	31531	32238	32784	33335	34756	35051	34322	35702	34850	34297	33730	33612	34573	34933
2	23	38606	39437	37128	36973	36678	35727	35538	34573	34006	32840	32577	31412	31569	32129	32831	33373	33920	35335	35621	34890	36273	35414	34865	34303	34189	35150
2	24	36646	38790	39566	37276	37139	36855	35919	35744	34785	34230	33074	32820	31666	31828	32384	33076	33609	34149	35551	35827	35098	36477	35614	35073	34518	34410
2	25	35995	36806	38908	39681	37408	37286	37011	36087	35915	34965	34416	33269	33020	31875	32039	32591	33276	33801	34337	35729	35999	35273	36645	35782	35248	34698
2	26	36648	36220	37008	39110	39879	37618	37507	37237	36318	36150	35203	34656	33515	33269	32128	32294	32843	33525	34047	34580	35967	36232	35508	36876	36013	35484
2	27	35933	36883	36438	37230	39327	40101	37849	37744	37476	36560	36392	35448	34904	33766	33521	32384	32550	33096	33778	34298	34829	36212	36475	35752	37117	36255
2	28	35421	36169	37104	36663	37457	39556	40331	38086	37983	37714	36799	36634	35692	35147	34012	33769	32633	32799	33345	34026	34543	35072	36455	36717	35994	37357
2	29	35683	35630	36366	37305	36865	37664	39763	40540	38298	38194	37926	37013	36848	35907	35363	34231	33987	32852	33018	33565	34244	34759	35290	36669	36931	36207
2	30	34586	35876	35814	36554	37493	37058	37858	39959	40737	38496	38392	38124	37211	37047	36106	35563	34431	34186	33054	33219	33767	34444	34959	35490	36867	37128
2	31	35202	34768	36052	35994	36735	37676	37245	38049	40148	40926	38686	38581	38315	37401	37238	36296	35752	34621	34376	33243	33409	33956	34633	35148	35679	37056
2	32	35934	35365	34925	36212	36155	36901	37845	37415	38219	40318	41097	38856	38751	38486	37572	37409	36465	35922	34792	34545	33412	33578	34125	34801	35317	35849
2	33	35334	36071	35499	35061	36348	36295	37044	37990	37560	38363	40463	41241	39002	38897	38632	37716	37553	36609	36066	34937	34689	33557	33722	34267	34943	35461
2	34	34655	35459	36192	35624	35186	36475	36425	37175	38122	37692	38495	40595	41373	39136	39030	38765	37847	37685	36741	36196	35067	34819	33687	33852	34396	35071
2	35	33126	34784	35587	36322	35755	35319	36610	36561	37313	38259	37831	38632	40733	41512	39277	39169	38903	37987	37823	36877	36333	35203	34954	33823	33986	34530
2	36	31341	33241	34896	35703	36438	35874	35438	36731	36682	37434	38381	37953	38754	40856	41635	39400	39292	39026	38109	37944	36999	36455	35324	35075	33942	34106
2	37	30293	31429	33326	34985	35791	36529	35967	35532	36824	36776	37528	38476	38048	38849	40950	41730	39496	39387	39122	38203	38037	37093	36549	35417	35168	34035
2	38	32403	30366	31500	33396	35057	35867	36606	36045	35608	36899	36853	37604	38552	38124	38926	41025	41805	39573	39463	39198	38279	38113	37170	36625	35495	35245
2	39	33020	32460	30425	31556	33454	35117	35928	36667	36106	35669	36958	36914	37664	38612	38186	38987	41085	41864	39634	39524	39258	38339	38173	37232	36686	35556
2	40	33179	33066	32507	30473	31604	33503	35166	35979	36717	36157	35720	37009	36965	37715	38662	38237	39037	41135	41914	39686	39575	39308	38391	38223	37283	36736
2	41	35381	33228	33113	32556	30523	31653	33554	35217	36031	36768	36209	35773	37061	37018	37768	38715	38291	39091	41188	41969	39741	39629	39361	38446	38277	37337
2	42	38075	35421	33271	33155	32599	30568	31699	33599	35264	36078	36815	36257	35822	37107	37067	37816	38763	38339	39139	41236	42018	39790	39678	39409	38496	38325
2	43	39781	38102	35449	33302	33186	32632	30604	31733	33632	35298	36113	36850	36293	35858	37142	37103	37851	38799	38375	39174	41272	42054	39828	39715	39446	38532
2	44	39213	39797	38122	35472	33327	33211	32659	30631	31760	33658	35324	36141	36878	36322	35887	37170	37131	37881	38828	38404	39203	41299	42082	39860	39745	39476
2	45	40706	39223	39807	38136	35489	33347	33229	32679	30653	31781	33679	35344	36162	36900	36345	35910	37192	37154	37904	38850	38427	39225	41320	42103	39883	39767
2	46	41544	40711	39233	39817	38150	35505	33365	33247	32699	30674	31801	33697	35363	36181	36920	36366	35931	37212	37176	37926	38871	38449	39246	41339	42123	39906
2	47	41388	41531	40705	39229	39813	38149	35508	33370	33252	32708	30685	31808	33704	35370	36188	36926	36375	35940	37220	37184	37934	38877	38457	39253	41345	42129
2	48	41419	41365	41513	40691	39218	39801	38143	35505	33369	33252	32708	30689	31808	33705	35369	36187	36924	36376	35941	37221	37185	37934	38875	38457	39253	41343
2	49	42736	41391	41341	41490	40672	39203	39787	38131	35497	33364	33247	32705	30688	31805	33701	35363	36183	36919	36373	35939	37217	37181	37929	38870	38453	39248
2	50	42569	42693	41357	41309	41459	40644	39181	39765	38113	35482	33352	33235	32693	30680	31795	33689	35352	36171	36908	36363	35930	37205	37170	37917	38857	38441
2	51	42219	42521	42651	41321	41276	41428	40616	39157	39739	38093	35465	33339	33222	32680	30672	31782	33675	35339	36157	36893	36352	35919	37191	37156	37903	38841
2	52	40847	42165	42476	42608	41284	41241	41395	40587	39131	39713	38072	35449	33325	33207	32666	30661	31771	33661	35324	36142	36877	36338	35906	37175	37141	37887
2	53	40041	40774	42097	42411	42546	41227	41187	41342	40537	39086	39667	38032	35413	33294	33175	32636	30635	31742	33630	35291	36109	36844	36306	35875	37141	37108
2	54	38522	39940	40682	42004	42320	42458	41147	41108	41264	40463	39016	39596	37967	35355	33241	33122	32585	30589	31692	33577	35235	36052	36786	36249	35819	37083
2	55	38639	38415	39838	40581	41904	42221	42361	41057	41020	41177	40380	38937	39516	37893	35289	33180	33061	32526	30535	31636	33517	35170	35985	36718	36183	35754
2	56	37488	38519	38309	39730	40473	41796	42116	42257	40961	40925	41081	40290	38851	39429	37813	35217	33113	32993	32461	30476	31574	33449	35097	35912	36643	36110
2	57	36344	37355	38394	38189	39608	40352	41674	41996	42140	40849	40815	40972	40185	38752	39328	37718	35132	33034	32913	32384	30407	31499	33369	35012	35825	36554
2	58	35232	36191	37209	38248	38048	39464	40209	41529	41852	41998	40715	40681	40840	40057	38629	39204	37602	35025	32935	32815	32287	30317	31406	33269	34907	35718
2	59	33918	35063	36030	37047	38086	37891	39303	40048	41366	41689	41837	40561	40530	40689	39911	38491	39063	37471	34904	32820	32702	32177	30214	31297	33154	34785
2	60	33317	33752	34903	35870	36886	37924	37734	39143	39886	41203	41526	41676	40409	40377	40539	39764	38351	38921	37337	34782	32707	32587	32065	30111	31187	33037
2	61	32805	33139	33586	34735	35701	36717	37754	37568	38972	39715	41028	41353	41504	40245	40213	40377	39606	38201	38769	37192	34650	32585	32463	31944	29998	31068
2	62	31633	32604	32950	33399	34545	35510	36525	37561	37379	38777	39518	40827	41154	41306	40055	40025	40189	39423	38026	38591	37024	34495	32439	32316	31800	29865
2	63	32033	31412	32392	32741	33192	34334	35297	36310	37344	37167	38557	39297	40601	40929	41082	39840	39811	39976	39216	37827	38388	36832	34317	32272	32149	31636
2	64	31886	31773	31176	32154	32505	32957	34095	35055	36065	37097	36924	38307	39044	40341	40670	40824	39592	39564	39729	38975	37595	38153	36608	34110	32076	31954
2	65	32839	31592	31499	30913	31888	32241	32694	33827	34785	35790	36817	36648	38023	38757	40047	40376	40530	39309	39282	39448	38699	37330	37884	36351	33870	31852
2	66	33885	32501	31288	31202	30626	31598	31953	32407	33535	34488	35489	36510	36346	37711	38443	39724	40052	40207	38997	38972	39138	38395	37037	37587	36066	33606
2	67	36794	33495	32150	30958	30879	30314	31282	31638	32091	33214	34162	35157	36172	36012	37366	38095	39366	39693	39848	38649	38626	38791	38055	36710	37255	35748
2	68	27792	36322	33096	31775	30605	30532	29979	30941	31298	31751	32867	33809	34797	35802	35646	36990	37714	38974	39299	39454	38269	38247	38411	37683	36351	36890
2	69	26619	27396	35837	32663	31366	30218	30154	29613	30569	30927	31378	32486	33419	34397	35395	35242	36573	37293	38540	38862	39017	37847	37826	37989	37269	35950
2	70	26897	26193	26984	35307	32191	30919	29795	29739	29211	30160	30518	30968	32064	32986	33955	34943	34794	36111	36824	38057	38376	38530	37377	37357	37517	36806
2	71	26363	26415	25753	26538	34734	31678	30434	29335	29287	28773	29712	30071	30516	31602	32513	33471	34448	34304	35604	36309	37527	37843	37996	36858	36839	36997
2	72	24343	25838	25919	25278	26056	34114	31121	29908	28836	28794	28295	29224	29582	30025	31096	31998	32943	33908	33768	35049	35745	36946	37259	37410	36290	36271
2	73	22743	23815	25309	25397	24778	25547	33457	30535	29352	28306	28272	27788	28706	29063	29503	30559	31449	32379	33330	33195	34456	35141	36323	36632	36780	35680
2	74	23112	22201	23281	24750	24845	24248	25009	32761	29910	28761	27741	27714	27246	28151	28507	28943	29981	30858	31773	32709	32580	33818	34491	35652	35955	36102
2	75	22457	22499	21647	22709	24151	24252	23677	24428	32011	29233	28119	27128	27108	26656	27546	27900	28331	29350	30212	31111	32029	31906	33119	33779	34916	35213
2	76	21792	21799	21878	21060	22101	23511	23619	23068	23807	31206	28508	27430	26470	26457	26021	26895	27245	27671	28669	29514	30394	31292	31174	32360	33005	34116
2	77	21038	21082	21132	21220	20437	21454	22832	22946	22419	23144	30347	27732	26691	25764	25757	25338	26194	26539	26958	27932	28758	29617	30495	30381	31537	32165
2	78	20145	20272	20362	20423	20519	19771	20764	22106	22225	21721	22433	29423	26896	25894	25001	25001	24599	25434	25773	26183	27132	27936	28773	29626	29516	30639
2	79	19033	19319	19492	19593	19664	19766	19056	20022	21323	21447	20968	21664	28424	25991	25031	24173	24177	23795	24605	24938	25337	26258	27038	27849	28676	28569
2	80	17699	18152	18480	18661	18772	18853	18962	18289	19225	20484	20611	20159	20836	27347	25014	24097	23277	23286	22923	23707	24031	24418	25308	26061	26843	27640
2	81	16503	16778	17265	17596	17783	17905	17994	18110	17477	18379	19591	19721	19296	19951	26196	23969	23097	22317	22330	21986	22741	23054	23427	24282	25006	25756
2	82	16231	15538	15858	16336	16667	16860	16990	17086	17208	16615	17481	18641	18774	18377	19008	24967	22853	22027	21288	21305	20980	21704	22004	22361	23179	23870
2	83	14848	15163	14578	14896	15364	15692	15890	16027	16130	16255	15704	16531	17635	17769	17400	18005	23658	21662	20884	20188	20208	19903	20591	20878	21217	21993
2	84	13550	13747	14106	13579	13894	14350	14674	14875	15017	15125	15253	14744	15528	16574	16707	16367	16943	22269	20397	19669	19018	19040	18754	19405	19676	19996
2	85	12133	12420	12667	13019	12552	12861	13301	13620	13823	13967	14079	14209	13742	14482	15464	15596	15284	15827	20810	19067	18390	17784	17808	17541	18152	18405
2	86	10618	11001	11325	11569	11911	11502	11804	12226	12538	12739	12886	12999	13129	12707	13397	14312	14442	14159	14666	19288	17679	17055	16496	16519	16272	16839
2	87	9633	9504	9910	10218	10456	10785	10433	10725	11128	11429	11627	11772	11887	12014	11636	12274	13119	13243	12989	13458	17706	16232	15662	15151	15172	14945
2	88	8655	8498	8443	8819	9110	9340	9653	9356	9636	10015	10302	10495	10637	10751	10875	10538	11122	11894	12011	11785	12214	16075	14739	14224	13760	13780
2	89	7204	7518	7441	7405	7749	8022	8241	8536	8291	8557	8909	9180	9366	9503	9613	9731	9437	9963	10660	10769	10571	10959	14425	13229	12769	12352
2	90	6310	6152	6479	6422	6402	6714	6966	7173	7447	7250	7499	7823	8075	8251	8381	8486	8596	8342	8811	9431	9531	9360	9704	12777	11718	11311
2	91	5270	5293	5213	5499	5460	5453	5732	5961	6154	6405	6251	6481	6775	7006	7170	7292	7390	7491	7274	7686	8230	8320	8173	8475	11160	10235
2	92	4499	4331	4399	4341	4587	4563	4566	4811	5017	5193	5420	5304	5513	5776	5985	6135	6246	6336	6427	6244	6601	7070	7150	7025	7285	9593
2	93	3768	3607	3517	3579	3540	3747	3735	3746	3957	4139	4297	4499	4415	4602	4833	5018	5152	5252	5332	5413	5261	5564	5961	6030	5925	6144
2	94	3055	2940	2855	2790	2846	2821	2992	2989	3005	3184	3341	3480	3656	3599	3762	3962	4122	4240	4327	4397	4466	4343	4594	4923	4981	4894
2	95	1627	2316	2265	2204	2159	2207	2193	2331	2334	2353	2501	2634	2753	2903	2868	3008	3176	3312	3413	3487	3546	3604	3506	3709	3976	4023
2	96	1165	1196	1733	1699	1657	1627	1667	1661	1769	1776	1796	1915	2025	2125	2250	2231	2348	2486	2599	2683	2745	2793	2840	2764	2924	3135
2	97	918	829	868	1261	1239	1212	1193	1225	1224	1307	1315	1334	1428	1516	1598	1700	1692	1788	1898	1990	2058	2108	2146	2183	2125	2248
2	98	688	631	583	612	891	878	861	850	875	876	938	947	964	1036	1104	1170	1250	1250	1326	1412	1484	1538	1577	1606	1634	1591
2	99	479	457	429	398	418	611	603	593	587	606	608	653	662	676	730	781	832	894	898	956	1022	1077	1118	1148	1169	1190
2	100	326	306	300	282	263	276	405	401	395	392	406	409	440	448	459	498	536	574	620	626	669	718	759	789	811	826
2	101	197	200	194	190	179	168	177	260	258	255	254	263	266	287	293	302	329	356	384	417	423	454	489	519	540	556
2	102	110	117	123	119	117	111	104	110	162	161	160	159	165	168	182	186	193	211	230	249	273	278	300	324	345	360
2	103	69	62	69	72	70	69	66	62	65	97	96	96	96	99	102	110	113	118	130	142	155	171	176	190	207	221
2	104	38	37	34	38	40	39	39	37	35	37	55	55	55	55	57	59	63	65	69	76	84	92	102	106	115	126
2	105 - 109	45	39	39	36	37	38	40	40	39	37	38	48	53	55	57	59	61	66	68	72	78	86	96	108	116	128
2	110 and over	0	0	0	0	0	0	0	0	0	0	0	0	0	0	0	0	0	0	1	1	1	1	1	1	1	1
