Sex	Age	2014	2015	2016	2017	2018	2019	2020	2021	2022	2023	2024	2025	2026	2027	2028	2029	2030	2031	2032	2033	2034	2035	2036	2037	2038	2039
1	0	28913	28639	29621	29949	30464	31102	31756	32360	32891	33388	33913	34283	34459	34517	34440	34326	34215	34121	34122	34191	34230	34226	34245	34321	34450	34625
1	1	29337	29127	28847	29831	30162	30681	31321	31979	32587	33119	33619	34144	34515	34692	34752	34675	34561	34451	34356	34357	34427	34466	34464	34482	34560	34689
1	2	30424	29514	29297	29019	30005	30340	30860	31503	32162	32771	33306	33806	34332	34704	34882	34942	34864	34751	34641	34546	34547	34617	34657	34654	34673	34751
1	3	31184	30560	29642	29427	29150	30138	30476	30998	31640	32301	32911	33446	33947	34473	34845	35024	35084	35006	34893	34783	34687	34688	34758	34798	34795	34815
1	4	29656	31294	30666	29751	29535	29260	30251	30590	31112	31755	32416	33027	33561	34064	34590	34963	35142	35202	35124	35012	34901	34805	34807	34877	34917	34914
1	5	30352	29758	31391	30766	29850	29637	29364	30356	30696	31218	31861	32523	33135	33668	34172	34699	35072	35251	35310	35233	35121	35010	34914	34916	34986	35026
1	6	30378	30444	29847	31481	30856	29944	29730	29457	30450	30791	31313	31956	32620	33232	33765	34269	34797	35170	35349	35408	35331	35220	35109	35013	35015	35085
1	7	29262	30459	30524	29928	31563	30941	30028	29815	29542	30535	30876	31400	32042	32706	33320	33852	34357	34886	35260	35438	35496	35420	35309	35198	35101	35104
1	8	28610	29328	30524	30591	29995	31632	31011	30098	29886	29613	30605	30947	31471	32113	32777	33393	33923	34430	34959	35333	35511	35569	35493	35382	35272	35175
1	9	28635	28671	29387	30585	30653	30058	31695	31075	30162	29949	29675	30669	31011	31535	32178	32842	33458	33989	34496	35025	35399	35577	35637	35561	35449	35339
1	10	28184	28700	28735	29452	30653	30722	30128	31764	31145	30230	30017	29743	30737	31079	31604	32249	32914	33529	34061	34568	35098	35472	35651	35711	35634	35523
1	11	27029	28252	28765	28802	29519	30723	30794	30199	31836	31218	30302	30087	29813	30807	31149	31676	32322	32988	33603	34135	34643	35173	35547	35728	35787	35710
1	12	26889	27082	28304	28818	28856	29574	30779	30850	30255	31893	31276	30359	30144	29869	30864	31206	31734	32381	33046	33660	34193	34701	35231	35605	35786	35846
1	13	27929	26947	27135	28359	28873	28913	29631	30837	30908	30314	31952	31335	30418	30203	29928	30923	31266	31792	32440	33105	33720	34253	34762	35292	35666	35847
1	14	29027	27999	27015	27203	28428	28944	28985	29703	30910	30981	30386	32025	31409	30490	30275	30001	30996	31339	31866	32514	33181	33796	34329	34838	35368	35742
1	15	30060	29096	28065	27082	27269	28497	29014	29055	29772	30981	31052	30456	32096	31480	30561	30345	30071	31067	31410	31938	32586	33253	33869	34401	34911	35441
1	16	30657	30139	29172	28141	27159	27347	28576	29093	29134	29852	31061	31133	30537	32175	31561	30642	30426	30152	31147	31492	32019	32667	33335	33952	34482	34993
1	17	31830	30786	30263	29298	28267	27285	27474	28704	29221	29264	29982	31192	31266	30669	32308	31695	30776	30559	30285	31279	31626	32154	32802	33471	34089	34620
1	18	32612	32221	31160	30635	29669	28635	27649	27836	29069	29592	29639	30358	31572	31651	31053	32691	32087	31164	30943	30669	31662	32014	32544	33195	33868	34489
1	19	33734	33426	33003	31938	31405	30436	29394	28398	28581	29820	30354	30406	31127	32354	32442	31842	33483	32888	31958	31729	31454	32449	32809	33344	34000	34681
1	20	35028	34690	34341	33920	32848	32314	31337	30288	29280	29461	30710	31253	31308	32034	33275	33371	32766	34415	33823	32885	32652	32373	33374	33740	34280	34943
1	21	35258	35851	35476	35130	34709	33640	33104	32127	31071	30057	30236	31492	32040	32097	32827	34077	34175	33568	35221	34632	33689	33455	33173	34178	34548	35091
1	22	37784	36017	36571	36202	35857	35443	34376	33844	32865	31805	30789	30968	32228	32778	32836	33570	34822	34923	34314	35971	35383	34438	34203	33920	34928	35299
1	23	38453	38430	36622	37188	36820	36486	36079	35017	34488	33509	32451	31436	31618	32879	33428	33485	34219	35471	35570	34961	36621	36029	35086	34854	34570	35580
1	24	36695	38845	38787	36991	37565	37206	36881	36481	35426	34900	33925	32873	31864	32048	33306	33850	33908	34639	35886	35982	35374	37032	36437	35498	35269	34988
1	25	36179	36966	39089	39037	37252	37836	37484	37166	36769	35718	35196	34226	33179	32177	32361	33614	34156	34213	34943	36184	36278	35672	37326	36731	35796	35570
1	26	36253	36444	37215	39341	39290	37518	38110	37763	37446	37053	36004	35486	34519	33476	32478	32663	33914	34453	34510	35239	36476	36569	35964	37616	37021	36088
1	27	34898	36505	36684	37462	39585	39541	37779	38376	38029	37714	37322	36278	35761	34798	33757	32763	32948	34199	34736	34792	35520	36755	36848	36243	37894	37299
1	28	34875	35125	36722	36908	37687	39814	39775	38021	38618	38271	37958	37569	36526	36011	35050	34013	33020	33206	34456	34992	35049	35776	37009	37103	36498	38148
1	29	34277	35055	35301	36902	37090	37874	40003	39968	38217	38815	38470	38158	37770	36730	36216	35257	34223	33232	33418	34668	35202	35261	35987	37219	37312	36709
1	30	33152	34449	35222	35472	37074	37268	38055	40184	40149	38401	39001	38656	38346	37961	36920	36410	35453	34420	33431	33619	34868	35402	35460	36186	37417	37512
1	31	33589	33314	34605	35382	35634	37239	37437	38226	40353	40320	38575	39174	38831	38521	38139	37100	36591	35636	34603	33617	33806	35054	35588	35647	36373	37602
1	32	33800	33708	33432	34727	35505	35760	37367	37568	38355	40481	40448	38706	39306	38963	38655	38274	37237	36730	35777	34744	33761	33952	35198	35733	35793	36519
1	33	33945	33924	33830	33559	34852	35635	35895	37501	37704	38490	40613	40583	38844	39442	39103	38795	38415	37381	36874	35923	34892	33910	34101	35348	35883	35945
1	34	33300	34061	34041	33951	33681	34976	35762	36025	37631	37835	38622	40743	40715	38978	39575	39239	38931	38552	37520	37013	36065	35033	34053	34245	35494	36029
1	35	32397	33389	34151	34135	34047	33780	35075	35865	36128	37733	37938	38725	40846	40820	39085	39682	39348	39042	38663	37633	37127	36180	35149	34171	34364	35612
1	36	29842	32481	33478	34242	34229	34144	33879	35175	35965	36228	37834	38040	38828	40948	40925	39191	39788	39456	39152	38774	37745	37239	36294	35264	34288	34481
1	37	29753	29917	32558	33558	34323	34314	34232	33968	35263	36055	36319	37925	38133	38920	41043	41021	39289	39886	39557	39252	38876	37849	37344	36401	35370	34397
1	38	31344	29804	29973	32612	33615	34383	34377	34297	34034	35328	36120	36385	37992	38202	38990	41112	41093	39363	39961	39632	39329	38954	37930	37425	36484	35452
1	39	31368	31360	29828	29999	32636	33642	34411	34407	34327	34066	35358	36153	36418	38023	38237	39025	41146	41130	39404	40000	39674	39372	39000	37978	37475	36533
1	40	32149	31377	31375	29847	30021	32655	33663	34434	34430	34352	34092	35383	36178	36444	38049	38264	39053	41173	41160	39437	40034	39710	39408	39039	38020	37517
1	41	33967	32164	31399	31399	29873	30048	32680	33692	34463	34461	34384	34126	35415	36211	36480	38083	38301	39091	41211	41202	39482	40078	39755	39456	39088	38071
1	42	35725	33959	32168	31404	31405	29883	30058	32690	33702	34475	34475	34398	34142	35432	36230	36498	38102	38321	39113	41233	41228	39510	40106	39786	39488	39121
1	43	36863	35701	33946	32161	31397	31400	29882	30058	32687	33700	34475	34476	34400	34146	35436	36235	36504	38109	38330	39123	41243	41242	39528	40123	39806	39509
1	44	36585	36838	35690	33940	32158	31394	31399	29886	30062	32688	33703	34481	34484	34407	34156	35446	36246	36517	38121	38346	39140	41261	41264	39554	40147	39834
1	45	37998	36542	36806	35663	33918	32139	31376	31384	29876	30051	32674	33691	34471	34475	34401	34152	35441	36243	36515	38119	38346	39142	41264	41270	39564	40158
1	46	38731	37937	36497	36761	35625	33885	32110	31350	31358	29855	30030	32650	33669	34450	34456	34384	34137	35426	36229	36503	38106	38337	39133	41256	41265	39563
1	47	39506	38661	37884	36450	36714	35584	33849	32079	31321	31330	29831	30006	32623	33644	34428	34436	34365	34121	35408	36212	36489	38092	38325	39123	41247	41259
1	48	38983	39420	38594	37823	36394	36658	35535	33805	32040	31284	31294	29800	29976	32589	33612	34397	34408	34339	34097	35384	36190	36469	38072	38307	39106	41230
1	49	40584	38900	39352	38533	37766	36343	36609	35494	33768	32007	31254	31266	29776	29951	32562	33587	34374	34387	34320	34080	35369	36176	36457	38059	38298	39098
1	50	39732	40502	38842	39295	38482	37721	36304	36572	35462	33741	31986	31234	31247	29762	29938	32546	33574	34363	34379	34313	34076	35364	36173	36457	38059	38301
1	51	39875	39649	40436	38787	39241	38435	37678	36269	36539	35434	33718	31967	31218	31232	29751	29927	32533	33566	34356	34375	34311	34075	35364	36176	36463	38065
1	52	39351	39770	39566	40356	38718	39174	38374	37622	36221	36493	35393	33684	31938	31191	31206	29731	29906	32511	33547	34338	34360	34299	34064	35354	36169	36458
1	53	38243	39218	39662	39464	40257	38630	39088	38296	37550	36156	36429	35336	33633	31893	31150	31166	29696	29873	32475	33513	34304	34331	34271	34039	35330	36146
1	54	37187	38095	39093	39542	39352	40146	38532	38993	38207	37467	36081	36355	35271	33574	31842	31101	31119	29655	29833	32432	33473	34265	34296	34238	34009	35300
1	55	36592	37016	37947	38947	39402	39220	40016	38414	38878	38100	37366	35989	36265	35188	33500	31774	31039	31059	29602	29780	32375	33419	34213	34248	34192	33966
1	56	35552	36404	36855	37789	38791	39252	39078	39877	38288	38754	37985	37257	35889	36167	35099	33419	31701	30970	30992	29542	29722	32312	33360	34155	34194	34141
1	57	34895	35360	36237	36695	37631	38636	39103	38937	39739	38162	38629	37871	37150	35791	36071	35012	33341	31631	30903	30928	29485	29667	32253	33303	34100	34142
1	58	33754	34681	35177	36057	36520	37459	38468	38940	38781	39586	38022	38492	37744	37030	35682	35964	34914	33251	31551	30828	30855	29420	29604	32186	33238	34036
1	59	32194	33509	34466	34967	35849	36318	37260	38270	38747	38597	39404	37857	38328	37592	36885	35548	35832	34793	33140	31450	30732	30762	29337	29521	32098	33152
1	60	31896	31934	33276	34234	34741	35626	36101	37046	38057	38539	38398	39207	37676	38151	37425	36727	35401	35688	34660	33018	31337	30626	30658	29242	29428	31998
1	61	31236	31611	31688	33029	33989	34502	35390	35870	36818	37829	38317	38185	38997	37482	37960	37246	36557	35243	35533	34516	32885	31216	30511	30546	29140	29327
1	62	30105	30924	31337	31424	32763	33724	34242	35134	35620	36569	37581	38074	37953	38767	37269	37750	37047	36368	35068	35359	34355	32737	31080	30382	30420	29024
1	63	30290	29772	30624	31045	31142	32480	33443	33967	34861	35351	36303	37317	37814	37703	38520	37039	37523	36833	36164	34878	35173	34180	32576	30932	30242	30282
1	64	30600	29926	29459	30314	30741	30849	32184	33149	33679	34574	35070	36023	37039	37541	37440	38259	36798	37284	36606	35949	34677	34976	33994	32406	30775	30093
1	65	31190	30198	29583	29133	29990	30425	30543	31874	32841	33377	34273	34774	35728	36747	37254	37164	37985	36543	37032	36368	35721	34465	34767	33799	32226	30608
1	66	31986	30721	29798	29204	28773	29633	30074	30203	31530	32496	33039	33935	34442	35397	36417	36930	36851	37673	36252	36745	36095	35460	34220	34526	33571	32014
1	67	34396	31440	30255	29361	28789	28378	29239	29687	29827	31148	32114	32662	33558	34072	35026	36047	36566	36496	37320	35923	36420	35784	35162	33940	34249	33309
1	68	26017	33737	30907	29759	28895	28346	27953	28817	29270	29421	30736	31702	32251	33145	33664	34617	35638	36162	36104	36928	35557	36057	35437	34830	33627	33941
1	69	24005	25459	33096	30341	29230	28397	27873	27500	28363	28824	28985	30292	31253	31800	32692	33217	34169	35190	35719	35673	36499	35154	35658	35055	34464	33282
1	70	24560	23435	24923	32421	29742	28670	27869	27371	27019	27882	28349	28521	29815	30767	31318	32210	32740	33691	34710	35244	35211	36038	34722	35230	34643	34070
1	71	22961	23913	22885	24356	31707	29106	28076	27308	26837	26509	27369	27843	28022	29304	30254	30809	31699	32235	33186	34201	34741	34721	35549	34263	34775	34207
1	72	20722	22289	23288	22305	23757	30950	28431	27445	26711	26269	25963	26821	27301	27492	28764	29711	30270	31159	31699	32648	33660	34205	34199	35028	33772	34289
1	73	18871	20054	21649	22638	21699	23130	30159	27727	26783	26086	25671	25388	26243	26729	26931	28193	29136	29700	30588	31133	32078	33087	33636	33645	34473	33250
1	74	19059	18215	19431	20995	21974	21080	22489	29346	27003	26103	25443	25056	24797	25647	26139	26354	27605	28544	29111	29997	30547	31489	32495	33049	33073	33900
1	75	18503	18327	17589	18781	20312	21278	20430	21815	28494	26239	25385	24763	24406	24170	25017	25513	25740	26979	27913	28484	29367	29921	30860	31862	32420	32458
1	76	17736	17725	17639	16945	18111	19607	20559	19759	21117	27607	25445	24639	24054	23726	23515	24357	24858	25096	26321	27251	27825	28703	29262	30197	31193	31755
1	77	16146	16926	17002	16937	16287	17426	18884	19823	19071	20401	26697	24629	23870	23324	23027	22839	23676	24181	24430	25640	26565	27141	28015	28580	29510	30500
1	78	15326	15331	16164	16255	16211	15605	16716	18135	19059	18354	19655	25747	23777	23067	22560	22293	22130	22960	23469	23729	24922	25839	26418	27287	27856	28780
1	79	14229	14466	14563	15375	15481	15458	14898	15978	17354	18259	17604	18873	24752	22882	22220	21753	21517	21380	22201	22713	22984	24159	25067	25649	26511	27083
1	80	12878	13343	13662	13775	14564	14684	14682	14168	15214	16546	17430	16826	18060	23714	21947	21335	20909	20705	20592	21404	21919	22199	23355	24254	24837	25692
1	81	11713	11991	12523	12845	12973	13739	13872	13890	13422	14432	15717	16580	16027	17224	22644	20983	20423	20038	19865	19777	20578	21094	21385	22520	23406	23990
1	82	10938	10813	11169	11689	12013	12156	12894	13041	13078	12656	13629	14864	15702	15201	16359	21536	19984	19475	19133	18990	18926	19715	20233	20534	21645	22518
1	83	9747	10001	9984	10337	10842	11167	11322	12032	12190	12246	11870	12803	13985	14798	14348	15464	20387	18948	18490	18190	18077	18038	18814	19331	19639	20726
1	84	8348	8815	9145	9152	9499	9990	10313	10480	11160	11327	11401	11071	11961	13087	13873	13473	14545	19206	17878	17472	17212	17130	17116	17877	18390	18706
1	85	7278	7461	7977	8299	8328	8668	9140	9460	9636	10285	10460	10549	10263	11109	12178	12933	12584	13609	17999	16784	16430	16212	16158	16168	16911	17420
1	86	6022	6417	6669	7152	7463	7514	7844	8295	8610	8794	9409	9590	9693	9450	10250	11260	11981	11681	12657	16770	15669	15366	15187	15162	15195	15917
1	87	5219	5233	5661	5902	6351	6650	6719	7037	7466	7773	7962	8541	8727	8842	8640	9392	10341	11026	10774	11698	15528	14540	14286	14146	14148	14203
1	88	4448	4467	4555	4943	5172	5586	5871	5955	6259	6665	6962	7153	7695	7883	8008	7844	8547	9432	10080	9874	10743	14290	13411	13205	13100	13127
1	89	3623	3748	3834	3923	4272	4486	4866	5134	5229	5517	5897	6182	6373	6877	7065	7197	7068	7721	8542	9152	8987	9800	13066	12292	12130	12058
1	90	3053	2999	3166	3249	3336	3648	3847	4191	4441	4544	4814	5167	5438	5626	6090	6276	6412	6315	6917	7674	8244	8116	8874	11862	11185	11063
1	91	2249	2474	2485	2632	2712	2796	3071	3254	3562	3793	3900	4151	4476	4730	4913	5337	5518	5655	5587	6138	6829	7358	7264	7965	10675	10091
1	92	1866	1780	2006	2023	2151	2226	2306	2545	2711	2983	3194	3302	3533	3828	4064	4239	4623	4797	4933	4890	5389	6015	6502	6439	7081	9517
1	93	1401	1439	1410	1595	1616	1726	1795	1869	2074	2222	2459	2649	2755	2965	3230	3446	3611	3955	4120	4252	4230	4678	5240	5684	5648	6231
1	94	985	1050	1111	1093	1242	1264	1357	1419	1486	1659	1789	1993	2162	2263	2451	2685	2881	3034	3338	3492	3618	3614	4012	4512	4912	4898
1	95	487	716	789	838	828	945	967	1044	1098	1158	1301	1413	1586	1733	1827	1993	2197	2372	2511	2777	2918	3037	3047	3397	3836	4192
1	96	324	343	523	578	617	612	703	723	786	832	884	1000	1095	1239	1365	1451	1594	1770	1923	2048	2277	2404	2515	2535	2839	3219
1	97	235	221	243	373	413	443	442	511	529	579	617	661	754	833	951	1057	1133	1255	1404	1536	1646	1841	1954	2055	2081	2342
1	98	140	155	152	168	259	288	310	311	362	378	417	448	484	557	621	716	803	869	971	1095	1207	1302	1466	1565	1654	1684
1	99	105	89	103	101	113	174	195	211	213	250	263	293	317	346	402	453	528	598	654	738	839	932	1013	1149	1234	1311
1	100	65	64	57	66	65	73	114	128	139	142	168	178	200	219	241	283	323	381	436	482	549	631	707	774	885	956
1	101	34	38	39	35	41	40	46	72	81	89	91	109	117	132	147	163	194	224	268	310	347	400	464	525	580	668
1	102	18	19	22	23	21	24	24	28	44	49	55	57	68	74	85	95	107	129	151	183	215	244	285	334	382	425
1	103	10	9	11	12	13	12	14	14	16	26	29	33	34	41	45	53	60	68	83	99	122	145	167	198	235	272
1	104	4	5	5	6	6	7	7	8	8	9	15	16	19	20	24	27	32	36	42	52	63	79	95	112	134	161
1	105 - 109	2	3	4	4	4	4	5	6	7	7	8	12	14	17	19	23	26	32	38	46	57	72	90	113	139	172
1	110 and over	0	0	0	0	0	0	0	0	0	0	0	0	0	0	0	0	0	0	0	0	0	0	1	1	1	2
2	0	27384	27284	28218	28530	29020	29629	30251	30826	31332	31805	32304	32657	32823	32880	32804	32697	32588	32501	32502	32567	32604	32599	32617	32689	32812	32978
2	1	28115	27584	27478	28415	28729	29222	29834	30460	31036	31542	32017	32520	32873	33040	33097	33021	32914	32806	32720	32720	32786	32823	32819	32837	32910	33033
2	2	28804	28288	27750	27647	28584	28901	29397	30012	30639	31215	31722	32200	32704	33057	33224	33281	33205	33099	32991	32905	32905	32971	33008	33004	33022	33095
2	3	29823	28955	28434	27896	27793	28732	29052	29551	30166	30793	31371	31879	32358	32863	33216	33383	33440	33364	33259	33150	33064	33066	33131	33169	33165	33183
2	4	28590	29955	29081	28562	28025	27923	28865	29185	29684	30301	30928	31506	32015	32495	33001	33355	33522	33578	33503	33398	33289	33203	33204	33269	33308	33303
2	5	29424	28706	30067	29195	28677	28139	28038	28981	29302	29803	30419	31046	31624	32135	32616	33122	33477	33643	33700	33625	33519	33411	33325	33326	33392	33430
2	6	29276	29524	28800	30161	29291	28773	28236	28135	29078	29401	29901	30518	31146	31725	32236	32717	33224	33578	33745	33803	33728	33622	33514	33427	33429	33495
2	7	27994	29356	29601	28878	30240	29370	28854	28317	28216	29159	29481	29982	30601	31230	31808	32320	32800	33308	33663	33830	33888	33813	33707	33598	33511	33513
2	8	27547	28064	29425	29672	28949	30311	29442	28927	28390	28289	29232	29555	30057	30676	31305	31884	32397	32876	33385	33740	33908	33965	33891	33784	33676	33587
2	9	27107	27611	28126	29488	29737	29014	30377	29510	28994	28457	28356	29300	29623	30126	30744	31374	31953	32466	32946	33455	33810	33978	34035	33961	33854	33746
2	10	26496	27166	27668	28185	29547	29797	29075	30437	29572	29056	28519	28418	29361	29685	30188	30805	31437	32016	32529	33009	33520	33875	34042	34099	34025	33918
2	11	26013	26550	27219	27722	28239	29603	29853	29132	30494	29630	29114	28577	28475	29419	29743	30245	30864	31496	32075	32589	33069	33580	33935	34103	34160	34085
2	12	25884	26061	26596	27267	27771	28289	29652	29903	29183	30544	29681	29165	28629	28527	29471	29795	30296	30915	31548	32127	32641	33122	33634	33988	34157	34214
2	13	27062	25928	26101	26638	27310	27815	28332	29695	29947	29227	30588	29725	29210	28674	28571	29515	29840	30341	30958	31592	32171	32685	33166	33678	34032	34201
2	14	27349	27111	25974	26148	26685	27357	27866	28383	29745	29997	29278	30639	29777	29262	28725	28622	29566	29892	30393	31009	31643	32223	32736	33217	33729	34083
2	15	28545	27410	27169	26033	26206	26744	27418	27928	28445	29808	30060	29340	30702	29840	29325	28788	28686	29630	29957	30459	31074	31707	32287	32800	33282	33794
2	16	29163	28616	27477	27238	26101	26275	26814	27488	27999	28517	29880	30132	29414	30774	29915	29399	28862	28760	29704	30031	30533	31148	31782	32361	32875	33357
2	17	30251	29303	28751	27611	27373	26235	26408	26948	27623	28137	28656	30021	30274	29557	30917	30059	29542	29004	28901	29845	30173	30676	31292	31927	32507	33023
2	18	30968	30801	29834	29276	28132	27887	26747	26912	27455	28136	28657	29182	30552	30817	30102	31459	30610	30087	29543	29437	30381	30717	31224	31845	32486	33072
2	19	33033	32127	31914	30942	30372	29216	28958	27809	27964	28513	29206	29737	30274	31663	31945	31229	32589	31749	31213	30658	30545	31496	31844	32359	32992	33644
2	20	34563	34313	33346	33135	32153	31579	30410	30144	28983	29134	29690	30393	30934	31481	32889	33183	32460	33831	32990	32444	31880	31763	32724	33081	33601	34244
2	21	35723	35601	35293	34331	34120	33140	32566	31394	31124	29958	30107	30666	31374	31918	32470	33887	34186	33460	34836	33993	33443	32876	32757	33723	34083	34607
2	22	38871	36618	36441	36141	35180	34980	34002	33434	32260	31992	30823	30974	31535	32242	32788	33340	34760	35057	34329	35709	34863	34313	33747	33629	34596	34955
2	23	38606	39437	37129	36974	36679	35730	35542	34574	34011	32843	32582	31415	31574	32134	32836	33377	33924	35340	35628	34899	36282	35429	34883	34323	34209	35175
2	24	36646	38790	39566	37277	37141	36857	35922	35749	34787	34235	33079	32825	31669	31835	32390	33082	33615	34155	35557	35836	35109	36488	35631	35095	34541	34432
2	25	35995	36806	38909	39682	37410	37289	37013	36091	35922	34967	34422	33275	33026	31879	32047	32598	33282	33809	34345	35736	36010	35287	36659	35803	35273	34724
2	26	36648	36220	37009	39112	39880	37620	37511	37240	36323	36158	35206	34664	33522	33276	32133	32304	32852	33532	34057	34590	35977	36247	35524	36893	36038	35512
2	27	35933	36883	36439	37232	39331	40103	37852	37749	37480	36567	36401	35453	34914	33775	33530	32390	32563	33108	33787	34310	34842	36225	36493	35772	37138	36284
2	28	35421	36169	37105	36665	37460	39561	40335	38090	37988	37719	36808	36645	35698	35159	34022	33779	32641	32815	33359	34039	34559	35090	36472	36739	36019	37383
2	29	35683	35630	36367	37306	36868	37668	39769	40546	38303	38201	37932	37024	36861	35916	35377	34242	34000	32863	33038	33582	34261	34780	35312	36691	36958	36239
2	30	34586	35876	35814	36556	37495	37062	37864	39967	40744	38503	38401	38132	37226	37062	36118	35580	34445	34202	33068	33243	33787	34466	34986	35518	36894	37162
2	31	35202	34768	36052	35995	36738	37679	37250	38055	40157	40935	38696	38593	38324	37419	37255	36311	35773	34638	34396	33261	33438	33980	34661	35181	35713	37089
2	32	35934	35365	34926	36213	36157	36905	37850	37422	38226	40329	41108	38869	38766	38498	37593	37428	36484	35947	34813	34570	33435	33611	34155	34835	35355	35890
2	33	35334	36071	35500	35063	36350	36298	37050	37996	37569	38372	40476	41256	39017	38915	38646	37742	37576	36632	36096	34962	34718	33583	33760	34304	34985	35506
2	34	34655	35459	36193	35626	35189	36478	36429	37183	38129	37703	38507	40611	41391	39155	39052	38783	37879	37713	36768	36232	35100	34854	33718	33896	34441	35122
2	35	33126	34784	35588	36324	35760	35324	36615	36567	37323	38269	37844	38647	40753	41534	39300	39195	38926	38024	37856	36911	36375	35243	34997	33861	34038	34583
2	36	31341	33241	34897	35706	36441	35881	35445	36738	36691	37447	38393	37969	38773	40880	41663	39429	39324	39055	38153	37985	37040	36504	35372	35126	33990	34167
2	37	30293	31429	33328	34987	35796	36534	35976	35541	36834	36788	37544	38491	38068	38872	40979	41763	39531	39426	39158	38255	38088	37143	36608	35474	35229	34094
2	38	32403	30366	31502	33400	35060	35873	36612	36056	35620	36912	36868	37624	38572	38148	38954	41061	41847	39616	39510	39242	38340	38175	37230	36694	35562	35317
2	39	33020	32460	30426	31559	33459	35122	35936	36675	36121	35684	36975	36933	37689	38638	38216	39021	41128	41915	39686	39580	39313	38412	38246	37302	36766	35636
2	40	33179	33066	32509	30475	31609	33510	35173	35990	36728	36175	35739	37030	36989	37745	38694	38274	39079	41186	41974	39747	39641	39375	38475	38309	37366	36830
2	41	35381	33228	33115	32560	30526	31660	33563	35227	36045	36783	36231	35796	37086	37048	37803	38755	38336	39142	41248	42038	39814	39706	39441	38542	38377	37434
2	42	38075	35421	33272	33159	32605	30573	31708	33610	35277	36096	36834	36284	35850	37138	37102	37857	38811	38393	39199	41307	42099	39876	39766	39503	38605	38440
2	43	39781	38102	35452	33305	33192	32640	30611	31744	33647	35315	36135	36874	36325	35892	37180	37146	37901	38855	38439	39245	41354	42148	39927	39818	39555	38656
2	44	39213	39797	38124	35477	33332	33220	32670	30641	31774	33677	35346	36168	36907	36360	35929	37216	37184	37940	38895	38479	39286	41396	42191	39972	39863	39601
2	45	40706	39223	39810	38141	35497	33355	33242	32693	30667	31799	33702	35372	36196	36936	36390	35960	37247	37216	37972	38928	38515	39322	41432	42229	40012	39904
2	46	41544	40711	39236	39823	38158	35516	33377	33264	32715	30692	31824	33726	35397	36224	36964	36421	35991	37277	37248	38005	38962	38552	39358	41468	42268	40054
2	47	41388	41531	40708	39235	39823	38161	35522	33386	33275	32728	30707	31837	33739	35412	36240	36980	36440	36009	37297	37269	38027	38984	38576	39383	41494	42297
2	48	41419	41365	41517	40698	39228	39815	38159	35523	33389	33280	32735	30717	31844	33747	35420	36249	36989	36452	36022	37310	37284	38043	39000	38596	39403	41515
2	49	42736	41391	41345	41499	40683	39217	39806	38153	35520	33390	33282	32739	30723	31849	33752	35424	36256	36998	36463	36035	37322	37298	38059	39016	38613	39422
2	50	42569	42693	41362	41318	41474	40661	39200	39790	38141	35511	33385	33278	32736	30724	31848	33752	35425	36258	37001	36470	36043	37329	37308	38069	39026	38626
2	51	42219	42521	42656	41331	41290	41449	40639	39184	39771	38129	35503	33381	33274	32734	30726	31848	33752	35427	36261	37004	36477	36052	37337	37319	38080	39039
2	52	40847	42165	42481	42619	41300	41262	41423	40617	39166	39754	38117	35495	33377	33270	32733	30727	31850	33755	35429	36265	37009	36486	36063	37347	37331	38093
2	53	40041	40774	42103	42423	42564	41250	41215	41378	40576	39131	39719	38088	35471	33358	33251	32717	30717	31838	33742	35416	36255	36999	36479	36059	37343	37330
2	54	38522	39940	40688	42017	42340	42484	41178	41146	41310	40513	39073	39661	38037	35427	33319	33213	32683	30687	31809	33710	35385	36225	36970	36454	36035	37319
2	55	38639	38415	39844	40594	41924	42249	42397	41098	41069	41235	40443	39008	39597	37979	35378	33275	33171	32644	30654	31775	33674	35348	36190	36936	36424	36007
2	56	37488	38519	38316	39744	40494	41825	42154	42305	41013	40988	41154	40368	38940	39528	37918	35325	33228	33125	32602	30619	31739	33635	35308	36153	36900	36391
2	57	36344	37355	38401	38204	39630	40383	41714	42045	42200	40916	40894	41063	40283	38862	39450	37847	35263	33172	33071	32553	30577	31695	33589	35261	36107	36856
2	58	35232	36191	37217	38264	38072	39496	40251	41582	41915	42074	40797	40779	40950	40177	38764	39353	37758	35184	33100	33001	32488	30520	31636	33528	35198	36046
2	59	33918	35063	36039	37065	38112	37925	39348	40103	41434	41770	41932	40664	40649	40824	40057	38654	39244	37658	35094	33018	32923	32413	30452	31568	33457	35126
2	60	33317	33752	34912	35889	36914	37961	37780	39202	39957	41288	41627	41793	40536	40524	40701	39943	38547	39139	37561	35009	32942	32847	32342	30390	31505	33391
2	61	32805	33139	33595	34753	35731	36757	37803	37628	39048	39805	41135	41477	41648	40400	40392	40573	39822	38435	39028	37460	34919	32862	32768	32267	30324	31437
2	62	31633	32604	32960	33418	34574	35553	36579	37625	37456	38873	39631	40959	41305	41481	40243	40240	40424	39681	38304	38898	37340	34812	32766	32673	32177	30244
2	63	32033	31412	32403	32762	33222	34376	35355	36380	37427	37264	38678	39437	40763	41113	41294	40067	40068	40257	39522	38155	38750	37204	34689	32654	32564	32074
2	64	31886	31773	31187	32177	32538	33001	34153	35132	36155	37201	37046	38455	39216	40540	40893	41080	39865	39870	40063	39337	37981	38578	37045	34546	32522	32436
2	65	32839	31592	31511	30936	31925	32289	32754	33905	34883	35904	36948	36800	38204	38967	40289	40646	40837	39636	39646	39844	39127	37784	38383	36862	34380	32371
2	66	33885	32501	31301	31227	30663	31651	32019	32486	33635	34611	35632	36674	36533	37934	38697	40017	40378	40574	39387	39404	39606	38900	37570	38170	36663	34200
2	67	36794	33495	32165	30985	30920	30368	31355	31725	32195	33340	34316	35335	36375	36241	37638	38402	39719	40084	40286	39115	39139	39346	38650	37334	37937	36445
2	68	27792	36322	33114	31808	30649	30592	30054	31036	31411	31884	33026	33999	35015	36050	35925	37317	38083	39396	39766	39974	38819	38850	39063	38379	37079	37685
2	69	26619	27396	35858	32700	31419	30283	30236	29712	30692	31070	31545	32684	33651	34662	35694	35577	36964	37733	39041	39415	39630	38494	38532	38752	38082	36798
2	70	26897	26193	27002	35352	32249	30996	29884	29848	29340	30316	30698	31176	32306	33266	34274	35303	35196	36579	37348	38652	39031	39253	38138	38183	38409	37755
2	71	26363	26415	25771	26576	34807	31763	30539	29453	29429	28937	29909	30294	30772	31895	32853	33858	34884	34788	36164	36934	38234	38619	38849	37753	37807	38041
2	72	24343	25838	25939	25316	26117	34219	31238	30046	28988	28975	28501	29468	29858	30339	31456	32411	33412	34436	34351	35720	36491	37786	38176	38415	37341	37404
2	73	22743	23815	25331	25440	24840	25634	33599	30689	29528	28501	28500	28044	29005	29400	29885	30997	31948	32945	33965	33892	35254	36027	37316	37713	37960	36909
2	74	23112	22201	23303	24797	24914	24337	25126	32947	30109	28982	27986	27997	27560	28516	28916	29405	30510	31458	32452	33469	33409	34762	35536	36822	37224	37480
2	75	22457	22499	21671	22756	24226	24351	23798	24582	32249	29486	28395	27431	27455	27038	27990	28395	28887	29985	30929	31921	32933	32887	34232	35006	36286	36695
2	76	21792	21799	21904	21110	22176	23621	23753	23226	24003	31506	28824	27771	26842	26878	26484	27430	27840	28336	29426	30366	31353	32361	32329	33666	34440	35713
2	77	21038	21082	21160	21274	20516	21562	22979	23121	22621	23391	30719	28121	27109	26217	26265	25894	26835	27249	27749	28830	29766	30749	31753	31736	33062	33836
2	78	20145	20272	20392	20482	20605	19884	20910	22297	22447	21976	22738	29878	27370	26402	25549	25611	25265	26198	26617	27121	28192	29124	30101	31100	31100	32414
2	79	19033	19319	19525	19656	19756	19889	19208	20212	21565	21725	21285	22038	28978	26565	25644	24831	24907	24587	25512	25935	26443	27505	28431	29401	30393	30410
2	80	17699	18152	18515	18729	18873	18984	19128	18486	19467	20786	20956	20547	21290	28017	25704	24832	24062	24154	23861	24776	25204	25715	26766	27685	28648	29633
2	81	16503	16778	17302	17669	17891	18047	18171	18325	17725	18679	19963	20143	19767	20499	26999	24792	23971	23248	23355	23089	23993	24428	24942	25981	26892	27847
2	82	16231	15538	15896	16412	16780	17011	17178	17315	17478	16922	17850	19095	19286	18943	19664	25924	23828	23059	22384	22508	22271	23163	23602	24119	25144	26046
2	83	14848	15163	14618	14975	15482	15852	16090	16268	16417	16590	16078	16978	18181	18382	18074	18782	24788	22809	22094	21469	21610	21402	22281	22725	23244	24254
2	84	13550	13747	14149	13660	14015	14513	14883	15129	15317	15477	15660	15195	16063	17222	17433	17161	17854	23592	21734	21076	20503	20660	20483	21346	21795	22315
2	85	12133	12420	12711	13105	12675	13028	13514	13884	14135	14334	14504	14696	14278	15115	16226	16446	16211	16887	22342	20611	20011	19491	19664	19518	20364	20817
2	86	10618	11001	11370	11657	12041	11671	12020	12493	12860	13118	13325	13505	13706	13335	14137	15199	15427	15229	15887	21047	19447	18906	18440	18629	18514	19341
2	87	9633	9504	9954	10306	10588	10961	10649	10993	11450	11814	12076	12290	12478	12685	12363	13128	14136	14374	14212	14849	19705	18235	17755	17344	17548	17465
2	88	8655	8498	8486	8905	9239	9515	9875	9620	9956	10396	10753	11018	11237	11431	11643	11369	12094	13047	13291	13165	13779	18319	16982	16563	16205	16422
2	89	7204	7518	7483	7487	7873	8190	8459	8805	8603	8929	9349	9697	9961	10184	10383	10600	10372	11056	11951	12199	12107	12696	16913	15709	15350	15046
2	90	6310	6152	6520	6502	6520	6874	7172	7431	7761	7608	7922	8321	8657	8918	9142	9343	9561	9377	10019	10855	11105	11044	11608	15497	14423	14123
2	91	5270	5293	5250	5575	5572	5602	5924	6201	6448	6760	6652	6951	7327	7649	7904	8126	8328	8544	8401	8999	9774	10024	9993	10528	14088	13142
2	92	4499	4331	4433	4408	4692	4702	4741	5031	5286	5519	5811	5742	6025	6376	6681	6927	7145	7344	7557	7451	8003	8717	8964	8960	9464	12697
2	93	3768	3607	3548	3641	3630	3875	3895	3941	4199	4431	4648	4918	4882	5147	5471	5756	5991	6202	6396	6603	6530	7036	7687	7928	7948	8419
2	94	3055	2940	2884	2844	2928	2928	3136	3164	3214	3440	3649	3848	4093	4085	4329	4624	4888	5109	5310	5497	5695	5651	6110	6698	6930	6970
2	95	1627	2316	2290	2253	2228	2302	2311	2484	2517	2569	2764	2949	3128	3348	3361	3583	3848	4088	4294	4482	4659	4845	4826	5238	5763	5985
2	96	1165	1196	1754	1740	1717	1705	1768	1783	1925	1960	2011	2176	2337	2496	2689	2718	2916	3151	3367	3555	3728	3893	4065	4066	4432	4896
2	97	918	829	880	1295	1289	1277	1273	1326	1344	1458	1493	1541	1679	1816	1954	2121	2160	2334	2539	2730	2899	3056	3206	3364	3380	3701
2	98	688	631	592	630	931	930	926	927	971	989	1079	1112	1156	1269	1383	1501	1643	1687	1837	2013	2179	2328	2468	2603	2745	2772
2	99	479	457	436	411	439	651	653	654	658	693	710	780	810	848	939	1032	1131	1249	1294	1421	1570	1712	1841	1964	2083	2208
2	100	326	306	306	292	277	297	442	446	449	455	482	497	550	576	608	680	754	835	932	975	1080	1204	1323	1433	1539	1642
2	101	197	200	198	198	190	181	195	292	296	300	306	327	340	379	400	426	482	540	605	682	721	807	908	1006	1099	1188
2	102	110	117	125	124	125	120	115	125	188	192	196	201	217	227	256	272	293	335	380	431	492	526	595	676	755	832
2	103	69	62	70	75	75	76	73	71	77	117	120	124	128	139	147	168	180	196	227	261	300	346	375	429	493	555
2	104	38	37	35	40	43	43	44	43	42	46	70	72	75	78	86	92	106	115	127	149	174	203	237	260	302	351
2	105 - 109	45	39	39	37	40	44	46	49	48	48	50	65	75	85	92	102	110	126	143	160	186	221	267	319	373	440
2	110 and over	0	0	0	0	0	0	0	0	0	0	0	0	0	0	0	1	1	1	2	3	3	4	4	5	7	11
