Sex	Age	2014	2015	2016	2017	2018	2019	2020	2021	2022	2023	2024	2025	2026	2027	2028	2029	2030	2031	2032	2033	2034	2035	2036	2037	2038	2039
1	0	28913	28602	27786	27177	26973	26908	26849	26785	26713	26657	26627	26616	26591	26496	26327	26126	25924	25732	25556	25403	25273	25175	25112	25080	25064	25064
1	1	29337	29099	28754	27937	27330	27126	27064	27006	26941	26869	26814	26784	26774	26749	26653	26484	26283	26080	25888	25713	25559	25429	25330	25268	25236	25220
1	2	30424	29483	29208	28863	28047	27442	27239	27179	27120	27055	26983	26927	26897	26888	26863	26767	26598	26396	26192	26000	25825	25671	25541	25442	25380	25348
1	3	31184	30531	29556	29282	28938	28124	27519	27318	27258	27199	27133	27062	27005	26975	26967	26941	26846	26676	26475	26270	26077	25903	25750	25620	25521	25457
1	4	29656	31269	30586	29614	29340	28998	28184	27581	27379	27320	27261	27195	27124	27067	27036	27028	27003	26908	26738	26537	26331	26139	25964	25811	25681	25582
1	5	30352	29735	31321	30640	29670	29397	29056	28242	27639	27438	27378	27319	27253	27181	27124	27093	27086	27061	26967	26795	26595	26388	26195	26021	25866	25736
1	6	30378	30425	29784	31371	30692	29724	29450	29110	28295	27693	27491	27431	27372	27305	27233	27175	27145	27138	27113	27020	26848	26647	26439	26248	26073	25918
1	7	29262	30442	30471	29831	31417	30743	29773	29500	29159	28345	27741	27539	27479	27419	27351	27281	27222	27193	27186	27161	27067	26895	26695	26488	26297	26121
1	8	28610	29314	30478	30509	29868	31456	30782	29813	29540	29199	28384	27779	27577	27516	27456	27389	27319	27260	27231	27225	27200	27106	26934	26734	26527	26337
1	9	28635	28657	29345	30511	30543	29903	31491	30819	29848	29575	29234	28418	27815	27612	27550	27492	27425	27354	27296	27267	27261	27236	27142	26970	26770	26563
1	10	28184	28687	28694	29383	30551	30585	29945	31534	30862	29890	29617	29276	28460	27856	27653	27592	27533	27466	27396	27337	27308	27301	27276	27183	27012	26811
1	11	27029	28239	28726	28734	29425	30594	30630	29990	31580	30907	29935	29661	29320	28505	27900	27697	27636	27577	27510	27440	27381	27352	27345	27320	27227	27056
1	12	26889	27070	28264	28753	28762	29454	30624	30662	30021	31612	30940	29966	29691	29351	28536	27931	27728	27667	27607	27541	27471	27411	27383	27376	27351	27259
1	13	27929	26934	27099	28293	28783	28793	29485	30657	30694	30053	31646	30975	29999	29724	29385	28569	27964	27761	27701	27641	27575	27503	27443	27417	27410	27385
1	14	29027	27987	26975	27142	28336	28828	28838	29531	30703	30740	30099	31692	31022	30046	29771	29432	28616	28011	27807	27748	27688	27621	27549	27489	27462	27455
1	15	30060	29083	28025	27015	27182	28377	28870	28880	29573	30746	30782	30141	31735	31064	30091	29814	29476	28659	28054	27850	27792	27731	27664	27592	27532	27505
1	16	30657	30124	29128	28072	27063	27231	28427	28920	28930	29623	30796	30833	30192	31785	31116	30143	29865	29527	28710	28106	27901	27843	27781	27715	27644	27584
1	17	31830	30769	30212	29217	28162	27153	27322	28518	29012	29022	29716	30889	30929	30288	31881	31213	30239	29960	29623	28805	28200	27994	27936	27874	27807	27737
1	18	32612	32192	31085	30522	29528	28470	27458	27624	28821	29321	29333	30028	31206	31251	30611	32203	31541	30562	30280	29942	29122	28512	28305	28246	28184	28117
1	19	33734	33377	32874	31761	31193	30193	29127	28107	28267	29468	29981	29996	30695	31884	31937	31296	32889	32236	31248	30957	30617	29791	29175	28963	28901	28839
1	20	35028	34624	34158	33652	32538	31964	30959	29883	28852	29008	30218	30740	30758	31463	32665	32724	32078	33678	33028	32030	31733	31391	30558	29935	29718	29654
1	21	35258	35773	35249	34786	34283	33166	32593	31586	30503	29467	29621	30836	31363	31383	32092	33300	33364	32714	34319	33670	32667	32367	32026	31186	30558	30340
1	22	37784	35923	36300	35782	35325	34824	33711	33140	32131	31046	30008	30161	31378	31908	31929	32639	33850	33918	33266	34874	34226	33221	32919	32578	31735	31106
1	23	38453	38321	36306	36692	36180	35730	35236	34128	33560	32551	31470	30433	30588	31806	32334	32353	33065	34276	34343	33690	35301	34650	33645	33346	33004	32161
1	24	36695	38728	38440	36438	36837	36331	35891	35405	34302	33739	32733	31659	30629	30786	32000	32525	32542	33252	34459	34522	33871	35479	34826	33825	33530	33190
1	25	36179	36849	38737	38455	36469	36874	36377	35946	35464	34365	33806	32804	31737	30712	30871	32080	32601	32618	33326	34528	34591	33940	35544	34890	33895	33601
1	26	36253	36333	36878	38765	38490	36515	36929	36438	36010	35531	34435	33879	32880	31816	30796	30957	32163	32682	32697	33405	34603	34666	34015	35618	34962	33970
1	27	34898	36406	36372	36919	38812	38542	36578	36997	36508	36082	35603	34512	33958	32963	31901	30885	31044	32251	32767	32782	33488	34684	34748	34097	35698	35040
1	28	34875	35035	36441	36410	36965	38860	38593	36639	37060	36571	36147	35668	34580	34030	33036	31976	30962	31124	32328	32843	32857	33563	34759	34821	34172	35770
1	29	34277	34973	35045	36453	36428	36988	38884	38623	36672	37094	36607	36184	35705	34620	34071	33079	32022	31010	31172	32375	32890	32903	33609	34804	34866	34216
1	30	33152	34377	34992	35066	36479	36458	37021	38920	38658	36712	37134	36649	36226	35749	34667	34118	33129	32074	31062	31225	32428	32942	32956	33661	34854	34916
1	31	33589	33248	34400	35018	35098	36512	36495	37062	38958	38697	36756	37177	36692	36271	35795	34715	34167	33179	32126	31117	31280	32480	32995	33009	33713	34906
1	32	33800	33650	33249	34402	35023	35107	36521	36508	37075	38968	38709	36769	37192	36707	36288	35812	34735	34187	33201	32150	31143	31305	32505	33020	33034	33738
1	33	33945	33871	33667	33270	34425	35048	35135	36549	36539	37104	38996	38739	36803	37223	36741	36323	35847	34771	34224	33240	32191	31184	31345	32545	33060	33076
1	34	33300	34016	33894	33693	33299	34456	35080	35172	36584	36576	37141	39030	38775	36842	37260	36780	36363	35888	34812	34265	33283	32234	31229	31390	32590	33105
1	35	32397	33347	34022	33904	33706	33313	34471	35099	35192	36601	36596	37159	39046	38795	36863	37280	36801	36385	35910	34836	34289	33309	32261	31256	31417	32617
1	36	29842	32443	33358	34034	33919	33724	33335	34493	35121	35215	36623	36619	37182	39069	38819	36889	37305	36827	36412	35937	34864	34317	33339	32291	31288	31448
1	37	29753	29884	32451	33367	34047	33933	33741	33355	34511	35140	35234	36640	36640	37203	39088	38843	36913	37328	36851	36435	35962	34890	34344	33366	32319	31316
1	38	31344	29774	29878	32443	33362	34046	33933	33744	33356	34512	35142	35236	36642	36644	37208	39091	38848	36920	37334	36858	36442	35971	34899	34354	33377	32330
1	39	31368	31331	29742	29846	32410	33333	34015	33907	33719	33332	34486	35115	35211	36617	36619	37183	39065	38824	36899	37312	36837	36422	35952	34882	34338	33362
1	40	32149	31352	31292	29708	29814	32376	33300	33984	33877	33689	33303	34455	35086	35183	36587	36590	37154	39034	38797	36874	37288	36813	36400	35931	34862	34319
1	41	33967	32140	31325	31266	29686	29792	32352	33278	33964	33857	33671	33284	34436	35067	35164	36569	36574	37135	39016	38782	36863	37274	36801	36390	35921	34853
1	42	35725	33938	32100	31284	31227	29651	29757	32316	33242	33929	33823	33639	33254	34403	35035	35133	36537	36544	37106	38985	38754	36839	37247	36777	36366	35899
1	43	36863	35681	33885	32051	31237	31179	29609	29714	32271	33198	33885	33781	33599	33213	34362	34995	35094	36497	36507	37069	38946	38719	36807	37213	36746	36334
1	44	36585	36820	35632	33841	32010	31196	31141	29575	29678	32234	33162	33849	33747	33566	33181	34328	34962	35063	36466	36479	37042	38918	38693	36784	37190	36724
1	45	37998	36525	36753	35570	33784	31956	31144	31091	29528	29631	32184	33112	33800	33700	33519	33137	34283	34919	35021	36422	36438	37002	38878	38655	36749	37152
1	46	38731	37922	36446	36677	35498	33717	31893	31085	31032	29473	29575	32125	33054	33744	33645	33466	33085	34230	34867	34971	36370	36390	36953	38827	38608	36704
1	47	39506	38646	37838	36368	36599	35425	33649	31831	31025	30971	29416	29519	32066	32997	33687	33590	33411	33032	34177	34815	34920	36318	36342	36904	38776	38560
1	48	38983	39407	38550	37748	36281	36514	35345	33576	31762	30958	30906	29355	29458	32000	32933	33625	33529	33352	32974	34118	34757	34863	36261	36287	36849	38719
1	49	40584	38888	39312	38460	37662	36202	36438	35274	33509	31700	30899	30848	29299	29403	31942	32877	33570	33475	33300	32924	34067	34707	34815	36210	36238	36800
1	50	39732	40489	38803	39228	38381	37589	36136	36373	35214	33454	31650	30849	30800	29256	29359	31895	32832	33527	33434	33259	32885	34028	34669	34778	36173	36202
1	51	39875	39638	40398	38722	39147	38308	37521	36074	36312	35158	33403	31604	30803	30755	29215	29318	31852	32791	33487	33398	33224	32851	33993	34636	34746	36140
1	52	39351	39759	39530	40295	38628	39055	38223	37440	36000	36239	35092	33342	31547	30747	30701	29167	29270	31800	32742	33439	33351	33180	32808	33949	34593	34704
1	53	38243	39210	39627	39405	40173	38517	38945	38121	37343	35911	36151	35010	33266	31475	30678	30634	29106	29209	31734	32679	33376	33291	33122	32750	33890	34535
1	54	37187	38086	39063	39485	39269	40039	38396	38827	38008	37237	35812	36053	34919	33182	31397	30603	30561	29038	29141	31661	32609	33307	33224	33057	32686	33825
1	55	36592	37007	37916	38897	39323	39115	39887	38258	38690	37878	37113	35696	35939	34811	33083	31305	30515	30474	28958	29060	31576	32525	33222	33143	32977	32609
1	56	35552	36396	36827	37737	38721	39152	38952	39726	38109	38543	37739	36981	35572	35816	34696	32978	31206	30420	30379	28871	28973	31482	32433	33130	33053	32890
1	57	34895	35352	36208	36646	37558	38545	38981	38789	39564	37961	38396	37599	36849	35449	35693	34582	32871	31108	30326	30286	28785	28887	31389	32342	33040	32966
1	58	33754	34674	35149	36008	36450	37367	38356	38797	38612	39389	37798	38235	37448	36705	35313	35559	34456	32754	31000	30221	30184	28691	28793	31288	32241	32940
1	59	32194	33503	34440	34919	35781	36228	37147	38138	38583	38405	39184	37608	38046	37269	36532	35151	35398	34304	32614	30869	30094	30059	28575	28677	31164	32116
1	60	31896	31928	33250	34189	34674	35538	35990	36910	37902	38350	38182	38961	37400	37840	37072	36343	34975	35222	34139	32459	30725	29954	29921	28446	28548	31025
1	61	31236	31605	31665	32984	33924	34415	35282	35739	36660	37651	38105	37944	38723	37178	37620	36862	36142	34785	35033	33960	32292	30569	29803	29772	28307	28408
1	62	30105	30919	31313	31383	32698	33641	34136	35004	35466	36387	37378	37835	37683	38463	36934	37377	36630	35918	34574	34824	33761	32106	30395	29635	29606	28150
1	63	30290	29766	30602	31005	31084	32395	33340	33841	34709	35174	36096	37086	37547	37403	38184	36672	37116	36380	35677	34345	34597	33545	31905	30206	29452	29426
1	64	30600	29920	29435	30273	30683	30772	32078	33026	33530	34399	34868	35789	36778	37244	37109	37888	36396	36839	36115	35421	34102	34356	33316	31691	30005	29258
1	65	31190	30192	29558	29091	29929	30348	30446	31747	32695	33202	34072	34545	35464	36452	36922	36796	37575	36102	36544	35831	35148	33843	34099	33072	31462	29790
1	66	31986	30717	29773	29161	28713	29551	29976	30084	31379	32326	32836	33707	34182	35101	36085	36558	36442	37219	35767	36209	35508	34836	33546	33804	32790	31198
1	67	34396	31435	30234	29317	28728	28299	29138	29568	29685	30973	31918	32431	33299	33779	34695	35676	36152	36043	36819	35388	35832	35144	34483	33212	33469	32470
1	68	26017	33733	30883	29718	28832	28266	27855	28693	29128	29255	30534	31477	31990	32852	33335	34248	35225	35703	35602	36376	34970	35413	34739	34090	32838	33097
1	69	24005	25456	33073	30299	29171	28316	27773	27381	28217	28657	28794	30062	30998	31509	32367	32851	33760	34731	35212	35119	35890	34509	34953	34294	33658	32428
1	70	24560	23431	24902	32376	29679	28589	27767	27248	26878	27710	28154	28300	29554	30478	30991	31844	32330	33235	34199	34681	34597	35365	34012	34455	33812	33191
1	71	22961	23912	22865	24317	31638	29022	27972	27185	26692	26342	27170	27618	27770	29009	29925	30440	31288	31775	32674	33631	34113	34039	34802	33478	33921	33294
1	72	20722	22287	23270	22266	23698	30857	28325	27318	26564	26097	25768	26593	27043	27203	28429	29337	29853	30695	31182	32074	33023	33505	33440	34198	32904	33346
1	73	18871	20053	21629	22602	21642	23051	30040	27595	26631	25911	25470	25162	25981	26433	26603	27812	28712	29228	30064	30551	31434	32374	32855	32800	33550	32290
1	74	19059	18214	19413	20958	21918	21004	22388	29199	26843	25921	25237	24821	24535	25347	25801	25978	27172	28063	28577	29405	29891	30766	31695	32176	32131	32874
1	75	18503	18325	17572	18745	20255	21200	20333	21691	28314	26046	25168	24521	24131	23868	24672	25127	25311	26486	27367	27879	28699	29182	30046	30963	31442	31407
1	76	17736	17724	17618	16910	18055	19527	20457	19637	20966	27390	25216	24383	23771	23408	23166	23962	24416	24608	25762	26631	27141	27951	28431	29282	30185	30662
1	77	16146	16924	16982	16897	16234	17349	18782	19696	18923	20221	26439	24360	23571	22996	22660	22440	23225	23677	23876	25008	25864	26372	27170	27646	28483	29374
1	78	15326	15329	16142	16216	16152	15534	16617	18008	18902	18177	19442	25442	23461	22717	22180	21872	21674	22446	22896	23100	24208	25048	25552	26336	26808	27630
1	79	14229	14465	14541	15333	15422	15379	14806	15856	17200	18072	17397	18624	24395	22513	21818	21317	21038	20860	21618	22064	22274	23355	24178	24677	25444	25912
1	80	12878	13341	13641	13733	14502	14604	14583	14055	15067	16362	17210	16583	17771	23301	21522	20874	20412	20160	20003	20744	21186	21400	22452	23256	23746	24496
1	81	11713	11990	12503	12807	12914	13656	13770	13768	13285	14257	15502	16322	15744	16890	22168	20494	19895	19472	19247	19110	19832	20268	20486	21507	22289	22771
1	82	10938	10813	11149	11650	11955	12077	12790	12914	12930	12493	13423	14612	15404	14875	15975	20990	19424	18875	18489	18291	18175	18876	19304	19525	20512	21270
1	83	9747	10000	9967	10299	10785	11090	11223	11906	12039	12071	11678	12564	13695	14455	13975	15026	19767	18312	17812	17462	17291	17195	17873	18292	18514	19464
1	84	8348	8814	9127	9119	9445	9914	10216	10359	11008	11149	11196	10846	11686	12755	13482	13050	14048	18503	17160	16710	16397	16253	16176	16827	17236	17458
1	85	7278	7461	7958	8263	8277	8596	9046	9343	9493	10107	10253	10314	10006	10796	11802	12492	12108	13051	17208	15981	15578	15302	15183	15125	15748	16143
1	86	6022	6417	6653	7117	7411	7446	7755	8182	8473	8628	9204	9354	9427	9160	9897	10836	11488	11150	12035	15888	14776	14420	14180	14084	14044	14635
1	87	5219	5232	5645	5871	6300	6581	6633	6931	7333	7614	7772	8309	8461	8542	8315	8998	9868	10478	10186	11010	14553	13554	13244	13038	12964	12941
1	88	4448	4467	4540	4913	5126	5520	5786	5852	6135	6511	6780	6938	7435	7586	7674	7484	8113	8912	9478	9229	9989	13222	12333	12067	11894	11840
1	89	3623	3748	3821	3896	4229	4429	4786	5035	5112	5378	5726	5979	6135	6591	6740	6831	6675	7249	7976	8498	8288	8985	11911	11128	10903	10759
1	90	3053	2999	3154	3226	3300	3595	3779	4100	4330	4414	4661	4980	5217	5368	5781	5925	6019	5892	6412	7068	7544	7370	8003	10627	9943	9756
1	91	2249	2474	2475	2612	2681	2753	3011	3178	3463	3673	3760	3987	4276	4494	4639	5009	5146	5239	5139	5604	6190	6619	6478	7047	9373	8783
1	92	1866	1780	1998	2006	2125	2189	2257	2480	2629	2878	3067	3154	3359	3618	3816	3952	4280	4408	4498	4422	4833	5349	5732	5620	6125	8161
1	93	1401	1439	1403	1581	1593	1695	1753	1816	2005	2136	2350	2518	2602	2784	3012	3190	3315	3601	3719	3805	3749	4107	4556	4893	4807	5249
1	94	985	1050	1105	1081	1223	1238	1323	1375	1431	1589	1702	1883	2029	2108	2267	2464	2621	2734	2980	3086	3166	3127	3435	3819	4111	4047
1	95	487	716	784	828	813	924	939	1009	1054	1103	1231	1327	1477	1602	1674	1810	1978	2114	2214	2421	2515	2588	2563	2823	3146	3395
1	96	324	343	519	571	605	596	681	695	751	789	831	933	1012	1134	1238	1303	1417	1557	1672	1759	1931	2012	2077	2063	2278	2546
1	97	235	221	242	367	405	431	426	489	502	546	577	611	691	755	852	937	993	1087	1202	1297	1371	1511	1580	1636	1630	1805
1	98	140	155	151	166	252	279	298	296	342	353	386	411	438	499	550	625	693	740	816	908	985	1046	1158	1216	1263	1262
1	99	105	89	102	100	110	168	187	200	200	232	241	266	285	306	351	390	447	500	539	598	670	731	781	868	915	954
1	100	65	64	57	65	64	71	108	121	130	131	153	159	177	191	207	240	269	311	351	382	427	482	529	569	635	672
1	101	34	38	39	35	40	39	44	67	75	81	82	97	101	114	124	135	158	179	210	239	263	296	337	372	403	452
1	102	18	19	22	23	20	23	23	26	40	45	49	50	59	62	71	77	85	101	115	137	157	175	199	228	254	277
1	103	10	9	10	12	13	11	13	13	15	23	26	28	29	34	36	42	46	52	62	71	86	100	113	129	150	168
1	104	4	5	5	5	6	7	6	7	7	8	12	14	15	16	19	20	24	26	30	37	42	52	61	70	81	95
1	105 - 109	2	3	3	3	3	4	5	5	6	6	7	9	11	12	13	16	19	22	25	28	35	42	52	64	76	91
1	110 and over	0	0	0	0	0	0	0	0	0	0	0	0	0	0	0	0	0	0	0	0	0	0	0	0	0	0
2	0	27384	27249	26469	25889	25694	25632	25576	25516	25446	25393	25364	25354	25330	25238	25077	24886	24693	24511	24342	24197	24072	23978	23919	23887	23873	23872
2	1	28115	27559	27391	26612	26032	25837	25777	25722	25662	25594	25540	25512	25501	25478	25385	25224	25032	24840	24658	24487	24341	24218	24123	24064	24032	24018
2	2	28804	28261	27671	27505	26726	26146	25950	25892	25839	25778	25711	25656	25628	25617	25593	25500	25339	25147	24955	24772	24603	24455	24333	24238	24178	24146
2	3	29823	28932	28357	27769	27603	26824	26244	26050	25992	25939	25878	25810	25754	25728	25718	25694	25600	25438	25246	25054	24870	24701	24553	24431	24336	24276
2	4	28590	29934	29014	28440	27853	27686	26909	26331	26135	26077	26024	25963	25895	25839	25813	25803	25778	25684	25522	25330	25138	24954	24786	24637	24515	24421
2	5	29424	28686	30006	29088	28514	27927	27760	26984	26405	26210	26152	26099	26038	25970	25914	25888	25877	25853	25759	25597	25405	25213	25029	24860	24711	24589
2	6	29276	29507	28746	30066	29151	28575	27990	27823	27046	26468	26273	26215	26163	26101	26033	25977	25950	25939	25914	25821	25658	25467	25275	25091	24922	24773
2	7	27994	29341	29555	28794	30115	29200	28626	28041	27874	27098	26518	26322	26266	26213	26151	26083	26027	26000	25989	25964	25871	25708	25517	25325	25141	24972
2	8	27547	28051	29382	29599	28838	30161	29246	28673	28087	27920	27144	26563	26367	26312	26258	26196	26128	26072	26045	26034	26009	25916	25753	25561	25369	25185
2	9	27107	27599	28087	29420	29640	28880	30202	29287	28714	28128	27961	27185	26604	26408	26353	26299	26237	26169	26113	26086	26074	26049	25956	25793	25601	25409
2	10	26496	27154	27633	28121	29456	29676	28917	30238	29324	28752	28165	27998	27222	26640	26444	26389	26336	26273	26205	26149	26122	26111	26084	25991	25828	25636
2	11	26013	26539	27183	27664	28153	29488	29709	28951	30273	29358	28787	28200	28032	27256	26674	26477	26422	26369	26306	26238	26183	26156	26145	26118	26025	25862
2	12	25884	26050	26563	27208	27691	28181	29516	29737	28979	30301	29386	28815	28229	28060	27284	26702	26505	26450	26397	26336	26267	26211	26184	26173	26147	26054
2	13	27062	25917	26069	26582	27229	27712	28203	29539	29757	29000	30324	29408	28838	28251	28082	27306	26723	26527	26472	26419	26358	26289	26233	26207	26196	26170
2	14	27349	27099	25940	26092	26607	27254	27739	28230	29566	29784	29029	30352	29437	28866	28280	28110	27334	26749	26555	26499	26446	26386	26317	26260	26234	26223
2	15	28545	27398	27134	25975	26128	26645	27293	27779	28270	29606	29824	29069	30392	29478	28906	28320	28149	27373	26789	26595	26539	26485	26425	26357	26301	26274
2	16	29163	28605	27441	27177	26020	26173	26690	27340	27826	28317	29654	29873	29118	30441	29527	28955	28369	28197	27421	26837	26643	26587	26533	26473	26405	26349
2	17	30251	29286	28703	27539	27276	26120	26270	26788	27439	27927	28420	29759	29979	29223	30547	29633	29062	28475	28302	27524	26940	26745	26689	26634	26573	26506
2	18	30968	30767	29748	29156	27989	27719	26560	26703	27222	27880	28375	28873	30216	30449	29694	31013	30111	29532	28939	28760	27979	27388	27190	27132	27077	27015
2	19	33033	32066	31757	30730	30126	28946	28663	27493	27626	28150	28819	29326	29834	31195	31445	30688	32009	31114	30521	29916	29729	28941	28337	28131	28069	28012
2	20	34563	34230	33117	32806	31774	31160	29967	29676	28494	28621	29152	29831	30347	30864	32246	32505	31741	33071	32173	31569	30953	30764	29965	29352	29138	29074
2	21	35723	35502	35011	33897	33592	32557	31943	30746	30450	29264	29389	29922	30605	31125	31648	33038	33301	32533	33869	32969	32358	31739	31548	30745	30127	29910
2	22	38871	36499	36102	35616	34509	34209	33177	32568	31370	31074	29887	30013	30546	31231	31752	32275	33667	33929	33161	34499	33597	32986	32366	32176	31371	30754
2	23	38606	39302	36738	36362	35888	34792	34506	33482	32881	31687	31400	30215	30349	30880	31562	32078	32596	33984	34236	33467	34809	33900	33293	32680	32494	31691
2	24	36646	38657	39162	36618	36270	35807	34727	34457	33441	32850	31668	31390	30216	30357	30881	31557	32063	32575	33950	34191	33426	34763	33851	33254	32648	32469
2	25	35995	36686	38533	39035	36515	36183	35730	34665	34399	33390	32806	31634	31361	30198	30340	30860	31530	32030	32538	33902	34137	33377	34707	33796	33204	32605
2	26	36648	36115	36680	38524	39028	36520	36201	35754	34693	34431	33426	32846	31678	31409	30251	30394	30912	31579	32076	32580	33940	34171	33414	34740	33829	33241
2	27	35933	36794	36153	36721	38568	39072	36575	36262	35816	34760	34499	33497	32920	31754	31486	30333	30477	30993	31658	32152	32655	34013	34241	33485	34810	33899
2	28	35421	36091	36858	36221	36792	38641	39148	36658	36345	35901	34847	34587	33588	33012	31848	31581	30430	30575	31091	31754	32247	32748	34104	34332	33577	34900
2	29	35683	35563	36152	36921	36288	36863	38714	39222	36735	36421	35979	34926	34668	33671	33095	31932	31665	30518	30663	31178	31842	32333	32833	34188	34415	33661
2	30	34586	35816	35626	36218	36989	36361	36938	38790	39299	36814	36501	36058	35006	34749	33754	33176	32015	31749	30602	30747	31263	31927	32415	32915	34270	34497
2	31	35202	34717	35888	35699	36296	37070	36445	37024	38876	39385	36901	36587	36145	35093	34836	33841	33263	32103	31836	30690	30835	31351	32015	32503	33003	34357
2	32	35934	35321	34786	35958	35773	36372	37148	36526	37104	38957	39466	36983	36669	36226	35174	34917	33921	33344	32184	31917	30770	30915	31432	32096	32584	33086
2	33	35334	36032	35376	34842	36017	35836	36434	37214	36591	37169	39022	39533	37050	36736	36292	35240	34982	33986	33409	32250	31982	30835	30980	31497	32162	32651
2	34	34655	35424	36084	35430	34901	36076	35896	36497	37278	36655	37232	39085	39598	37117	36801	36356	35305	35045	34049	33472	32313	32045	30898	31042	31559	32225
2	35	33126	34755	35490	36154	35503	34974	36151	35974	36575	37356	36733	37311	39164	39678	37198	36880	36435	35383	35123	34127	33549	32391	32121	30975	31118	31635
2	36	31341	33214	34814	35553	36219	35568	35041	36219	36044	36644	37427	36803	37381	39236	39750	37271	36951	36507	35454	35194	34197	33619	32461	32191	31043	31185
2	37	30293	31405	33252	34854	35596	36263	35614	35088	36265	36092	36691	37474	36851	37429	39284	39800	37321	37000	36557	35504	35243	34245	33668	32510	32241	31092
2	38	32403	30344	31431	33280	34884	35628	36296	35649	35122	36298	36127	36724	37508	36886	37464	39317	39835	37358	37036	36593	35540	35279	34283	33705	32546	32280
2	39	33020	32439	30363	31448	33299	34904	35649	36319	35671	35144	36320	36151	36748	37531	36909	37488	39340	39859	37385	37061	36617	35566	35306	34309	33732	32574
2	40	33179	33049	32449	30375	31460	33312	34919	35665	36335	35688	35161	36337	36168	36765	37548	36927	37506	39357	39878	37405	37081	36638	35586	35327	34330	33753
2	41	35381	33211	33064	32465	30394	31477	33330	34939	35685	36356	35710	35184	36360	36192	36788	37571	36951	37530	39381	39904	37433	37108	36665	35614	35354	34358
2	42	38075	35406	33223	33077	32479	30409	31491	33346	34956	35702	36374	35729	35204	36379	36213	36809	37592	36972	37552	39403	39927	37459	37131	36688	35639	35379
2	43	39781	38087	35408	33226	33080	32484	30417	31496	33352	34963	35709	36382	35738	35214	36390	36223	36821	37603	36985	37565	39415	39940	37474	37146	36703	35656
2	44	39213	39784	38082	35406	33225	33080	32486	30421	31498	33356	34966	35714	36386	35745	35221	36396	36231	36828	37611	36996	37574	39424	39950	37486	37157	36715
2	45	40706	39210	39770	38072	35400	33220	33077	32483	30420	31496	33355	34965	35714	36387	35748	35223	36398	36235	36832	37615	37002	37580	39430	39957	37494	37165
2	46	41544	40699	39198	39758	38064	35395	33217	33074	32481	30421	31495	33354	34966	35715	36388	35751	35227	36401	36240	36837	37622	37009	37587	39437	39965	37504
2	47	41388	41521	40673	39175	39734	38044	35379	33204	33062	32471	30412	31485	33343	34956	35705	36380	35744	35221	36395	36234	36832	37618	37006	37584	39434	39963
2	48	41419	41356	41485	40640	39145	39705	38020	35358	33186	33044	32455	30399	31469	33328	34941	35690	36366	35733	35210	36383	36223	36821	37607	36997	37575	39426
2	49	42736	41381	41314	41444	40604	39113	39674	37992	35334	33166	33024	32437	30383	31452	33310	34922	35673	36349	35718	35196	36369	36210	36808	37593	36986	37565
2	50	42569	42685	41332	41267	41399	40563	39075	39636	37959	35306	33140	32999	32413	30362	31430	33287	34899	35652	36328	35698	35178	36351	36194	36791	37576	36971
2	51	42219	42512	42630	41281	41220	41353	40521	39037	39597	37925	35278	33115	32972	32389	30343	31406	33262	34876	35630	36307	35680	35161	36333	36178	36775	37560
2	52	40847	42157	42453	42573	41232	41172	41307	40479	38999	39559	37891	35250	33090	32947	32365	30323	31383	33240	34854	35609	36287	35662	35144	36314	36161	36760
2	53	40041	40766	42075	42376	42498	41163	41105	41242	40418	38942	39502	37839	35204	33050	32906	32327	30289	31348	33201	34816	35573	36250	35629	35111	36279	36129
2	54	38522	39932	40661	41969	42273	42398	41069	41014	41153	40334	38863	39423	37765	35137	32988	32846	32269	30237	31293	33144	34758	35516	36193	35575	35059	36225
2	55	38639	38408	39818	40549	41858	42164	42291	40970	40917	41058	40244	38777	39337	37686	35066	32923	32781	32208	30182	31234	33083	34695	35454	36131	35515	35003
2	56	37488	38514	38291	39699	40432	41742	42049	42179	40866	40815	40957	40148	38686	39245	37602	34991	32854	32712	32142	30123	31173	33018	34629	35387	36065	35452
2	57	36344	37349	38380	38161	39567	40303	41612	41923	42055	40748	40700	40844	40040	38584	39143	37507	34906	32775	32633	32066	30056	31102	32944	34554	35310	35989
2	58	35232	36184	37195	38225	38010	39417	40152	41460	41773	41908	40609	40564	40710	39911	38462	39021	37393	34802	32678	32539	31974	29972	31016	32855	34460	35217
2	59	33918	35057	36017	37026	38056	37846	39251	39987	41294	41609	41746	40456	40413	40562	39767	38328	38886	37267	34685	32570	32432	31871	29878	30919	32755	34357
2	60	33317	33746	34890	35850	36858	37888	37685	39087	39824	41129	41446	41586	40305	40264	40415	39627	38196	38753	37143	34573	32466	32328	31772	29787	30824	32656
2	61	32805	33133	33574	34715	35675	36685	37715	37517	38915	39652	40956	41276	41418	40146	40107	40259	39478	38057	38613	37013	34453	32356	32218	31667	29690	30724
2	62	31633	32598	32938	33382	34520	35481	36490	37520	37327	38720	39458	40758	41082	41226	39965	39929	40083	39309	37895	38451	36862	34315	32228	32091	31543	29577
2	63	32033	31407	32380	32724	33170	34305	35265	36274	37302	37115	38503	39242	40537	40865	41012	39761	39728	39884	39118	37713	38269	36691	34159	32083	31947	31403
2	64	31886	31769	31166	32138	32484	32933	34064	35023	36030	37057	36874	38258	38995	40287	40616	40768	39527	39498	39656	38898	37504	38059	36494	33978	31914	31780
2	65	32839	31587	31492	30900	31869	32218	32669	33797	34754	35759	36782	36605	37983	38720	40007	40338	40493	39264	39240	39400	38650	37268	37823	36270	33772	31723
2	66	33885	32498	31280	31193	30612	31578	31930	32384	33508	34462	35464	36484	36313	37685	38421	39704	40037	40195	38979	38958	39120	38379	37009	37565	36025	33547
2	67	36794	33491	32147	30950	30870	30302	31264	31617	32073	33193	34144	35143	36159	35994	37358	38093	39369	39704	39865	38665	38647	38812	38081	36725	37280	35755
2	68	27792	36319	33094	31774	30598	30526	29971	30928	31285	31742	32856	33803	34797	35806	35648	37004	37738	39008	39345	39509	38325	38311	38479	37758	36418	36971
2	69	26619	27393	35838	32665	31370	30216	30152	29611	30563	30923	31381	32489	33429	34414	35419	35269	36615	37349	38611	38951	39117	37949	37941	38112	37402	36079
2	70	26897	26190	26986	35316	32199	30932	29801	29746	29219	30166	30528	30987	32085	33016	33995	34994	34852	36188	36920	38173	38515	38685	37535	37532	37707	37009
2	71	26363	26414	25755	26546	34754	31695	30457	29352	29307	28795	29735	30100	30556	31647	32571	33543	34535	34401	35726	36455	37699	38044	38217	37086	37088	37267
2	72	24343	25836	25924	25286	26072	34147	31150	29945	28867	28830	28334	29268	29635	30092	31173	32091	33056	34040	33914	35228	35953	37186	37533	37710	36599	36608
2	73	22743	23812	25314	25410	24794	25572	33505	30578	29406	28356	28327	27848	28775	29143	29601	30673	31582	32539	33515	33399	34700	35421	36642	36991	37172	36084
2	74	23112	22198	23284	24763	24867	24273	25045	32827	29971	28833	27813	27793	27332	28251	28620	29078	30139	31041	31989	32956	32850	34138	34852	36063	36414	36599
2	75	22457	22498	21653	22721	24174	24285	23714	24478	32099	29317	28215	27227	27217	26775	27684	28053	28512	29561	30454	31392	32350	32253	33527	34235	35434	35786
2	76	21792	21798	21887	21075	22125	23548	23668	23121	23876	31323	28622	27557	26603	26603	26180	27078	27448	27907	28943	29826	30753	31701	31614	32870	33572	34757
2	77	21038	21080	21142	21240	20462	21492	22885	23013	22492	23237	30497	27881	26855	25936	25947	25544	26430	26801	27259	28280	29152	30067	31004	30927	32164	32860
2	78	20145	20271	20372	20445	20553	19809	20818	22179	22312	21818	22553	29613	27087	26102	25220	25242	24859	25733	26103	26559	27564	28425	29325	30249	30183	31400
2	79	19033	19317	19505	19615	19700	19817	19111	20095	21420	21561	21095	21817	28664	26232	25290	24447	24481	24119	24979	25348	25801	26789	27636	28520	29430	29374
2	80	17699	18150	18493	18690	18811	18908	19033	18367	19324	20610	20758	20322	21029	27646	25314	24418	23617	23661	23323	24166	24535	24983	25951	26782	27650	28544
2	81	16503	16777	17279	17626	17831	17962	18070	18203	17578	18506	19751	19906	19500	20191	26562	24338	23489	22732	22787	22473	23297	23663	24107	25052	25866	26716
2	82	16231	15537	15873	16367	16715	16928	17069	17187	17327	16745	17641	18843	19003	18628	19302	25411	23300	22500	21788	21854	21565	22368	22732	23170	24090	24885
2	83	14848	15162	14596	14931	15415	15763	15983	16134	16260	16409	15870	16730	17885	18050	17709	18362	24193	22200	21452	20787	20863	20599	21379	21740	22171	23063
2	84	13550	13747	14126	13618	13951	14423	14770	14994	15153	15289	15444	14949	15774	16878	17048	16738	17371	22905	21035	20341	19724	19811	19573	20327	20683	21107
2	85	12133	12419	12689	13059	12610	12939	13398	13742	13970	14136	14279	14439	13991	14778	15826	16000	15723	16333	21554	19812	19174	18607	18703	18492	19217	19567
2	86	10618	11000	11348	11615	11976	11585	11908	12352	12691	12921	13093	13242	13406	13004	13750	14739	14917	14673	15257	20152	18541	17960	17444	17547	17363	18058
2	87	9633	9503	9932	10264	10527	10876	10541	10858	11284	11614	11844	12020	12174	12341	11985	12686	13615	13795	13584	14138	18695	17218	16693	16230	16339	16182
2	88	8655	8497	8465	8862	9177	9432	9767	9488	9795	10202	10521	10749	10927	11083	11251	10941	11595	12460	12639	12461	12984	17190	15847	15380	14969	15085
2	89	7204	7518	7459	7444	7809	8106	8353	8672	8446	8741	9125	9432	9656	9833	9990	10156	9890	10496	11294	11472	11324	11814	15661	14455	14046	13686
2	90	6310	6152	6499	6459	6459	6791	7068	7303	7604	7427	7707	8067	8359	8576	8751	8906	9070	8846	9402	10131	10305	10187	10642	14126	13055	12702
2	91	5270	5293	5232	5537	5514	5526	5826	6081	6302	6583	6450	6713	7047	7322	7530	7699	7851	8009	7825	8330	8990	9158	9067	9486	12609	11669
2	92	4499	4331	4417	4375	4640	4631	4653	4920	5152	5357	5616	5522	5766	6072	6328	6524	6686	6832	6983	6835	7289	7880	8040	7973	8355	11123
2	93	3768	3607	3533	3611	3586	3812	3814	3843	4078	4285	4473	4708	4648	4871	5147	5382	5564	5717	5855	5997	5881	6284	6806	6957	6911	7255
2	94	3055	2940	2870	2818	2888	2876	3065	3076	3109	3312	3494	3663	3873	3841	4042	4287	4499	4665	4807	4935	5066	4979	5331	5786	5926	5899
2	95	1627	2316	2278	2229	2195	2256	2253	2409	2425	2460	2632	2790	2939	3123	3112	3290	3504	3692	3841	3970	4087	4205	4143	4446	4836	4964
2	96	1165	1196	1744	1720	1688	1667	1719	1722	1848	1867	1902	2045	2179	2308	2466	2470	2625	2809	2972	3103	3218	3322	3427	3385	3642	3971
2	97	918	829	874	1278	1264	1245	1233	1276	1283	1383	1403	1436	1552	1663	1772	1905	1920	2051	2206	2345	2458	2559	2649	2741	2715	2929
2	98	688	631	588	621	911	904	893	888	922	931	1008	1028	1057	1149	1240	1330	1439	1460	1569	1697	1813	1909	1995	2072	2150	2136
2	99	479	457	433	405	429	631	628	623	622	648	658	715	733	758	830	902	974	1062	1085	1174	1278	1372	1452	1523	1588	1653
2	100	326	306	303	288	270	287	424	423	422	423	442	451	493	508	529	584	639	696	765	788	858	940	1015	1080	1138	1191
2	101	197	200	196	194	185	174	186	276	277	277	279	293	301	331	343	359	400	441	485	538	559	613	676	735	786	832
2	102	110	117	124	122	121	116	109	117	175	176	177	179	189	195	216	226	238	268	298	330	370	388	429	477	522	561
2	103	69	62	69	74	73	72	70	66	71	107	108	109	111	118	122	136	144	152	173	195	218	247	261	291	327	360
2	104	38	37	35	39	42	41	41	40	38	41	62	63	64	66	70	73	82	88	93	107	122	138	159	169	191	216
2	105 - 109	45	39	39	37	39	42	42	42	42	41	43	56	63	69	72	77	81	89	98	106	121	139	161	188	212	242
2	110 and over	0	0	0	0	0	0	0	0	0	0	0	0	0	0	0	0	1	1	1	1	1	1	1	2	3	4
