Sex	Age	2014	2015	2016	2017	2018	2019	2020	2021	2022	2023	2024	2025	2026	2027	2028	2029	2030	2031	2032	2033	2034	2035	2036	2037	2038	2039
1	0	28913	28565	27662	26953	26641	26473	26303	26130	25946	25777	25637	25519	25390	25198	24948	24670	24405	24155	23931	23736	23566	23433	23336	23271	23223	23190
1	1	29337	29072	28661	27758	27048	26738	26571	26403	26229	26046	25876	25736	25618	25490	25297	25047	24769	24503	24254	24028	23833	23664	23530	23434	23369	23321
1	2	30424	29451	29117	28708	27805	27098	26788	26622	26453	26279	26097	25927	25785	25667	25541	25346	25096	24819	24553	24303	24076	23881	23711	23578	23482	23417
1	3	31184	30503	29467	29135	28725	27826	27120	26810	26644	26474	26300	26118	25948	25807	25689	25563	25368	25118	24840	24574	24324	24096	23901	23730	23597	23501
1	4	29656	31243	30507	29475	29142	28733	27835	27132	26822	26654	26485	26311	26130	25959	25818	25700	25573	25378	25128	24851	24584	24334	24107	23911	23740	23607
1	5	30352	29712	31251	30517	29486	29153	28746	27847	27146	26835	26666	26497	26324	26142	25971	25828	25711	25585	25391	25141	24863	24596	24345	24118	23922	23751
1	6	30378	30404	29722	31263	30529	29500	29167	28759	27861	27159	26847	26677	26510	26336	26154	25983	25840	25723	25599	25404	25154	24876	24608	24357	24129	23933
1	7	29262	30425	30414	29732	31275	30542	29514	29181	28774	27875	27172	26860	26689	26522	26348	26168	25995	25853	25737	25613	25417	25168	24888	24621	24369	24141
1	8	28610	29298	30429	30421	29738	31283	30552	29524	29190	28782	27883	27180	26868	26697	26531	26357	26177	26002	25861	25745	25621	25425	25175	24896	24629	24377
1	9	28635	28643	29301	30433	30427	29745	31290	30560	29530	29197	28789	27890	27187	26875	26704	26537	26364	26184	26009	25867	25751	25626	25430	25180	24901	24634
1	10	28184	28673	28653	29311	30445	30441	29759	31304	30574	29546	29212	28804	27905	27201	26888	26717	26550	26377	26197	26021	25880	25764	25637	25442	25193	24914
1	11	27029	28225	28687	28668	29327	30462	30461	29777	31322	30593	29564	29228	28821	27922	27219	26906	26734	26567	26393	26213	26037	25896	25779	25653	25458	25209
1	12	26889	27057	28225	28688	28670	29330	30466	30466	29782	31326	30597	29568	29231	28824	27926	27222	26910	26738	26571	26398	26217	26041	25899	25782	25656	25461
1	13	27929	26921	27061	28229	28694	28676	29337	30475	30475	29791	31335	30606	29577	29240	28832	27935	27231	26918	26746	26579	26406	26226	26050	25908	25791	25665
1	14	29027	27973	26937	27078	28246	28713	28695	29358	30496	30496	29811	31357	30628	29598	29262	28854	27956	27251	26938	26766	26599	26427	26247	26070	25929	25811
1	15	30060	29069	27984	26950	27090	28260	28727	28710	29373	30511	30512	29827	31373	30644	29615	29278	28870	27972	27267	26955	26782	26615	26444	26263	26087	25946
1	16	30657	30109	29086	28002	26969	27111	28281	28748	28731	29395	30532	30534	29850	31395	30667	29638	29301	28893	27996	27291	26978	26804	26637	26466	26285	26109
1	17	31830	30751	30162	29140	28055	27023	27165	28336	28804	28789	29453	30590	30593	29909	31453	30728	29698	29361	28953	28055	27349	27036	26861	26694	26523	26341
1	18	32612	32162	31007	30415	29391	28304	27267	27406	28580	29053	29041	29705	30848	30855	30170	31714	30993	29962	29621	29210	28310	27600	27284	27108	26940	26769
1	19	33734	33328	32745	31587	30985	29958	28862	27816	27948	29128	29611	29603	30270	31424	31439	30753	32297	31584	30544	30194	29780	28875	28156	27833	27654	27485
1	20	35028	34557	33976	33392	32225	31621	30588	29483	28426	28554	29743	30234	30228	30901	32066	32088	31397	32947	32236	31186	30830	30412	29499	28772	28443	28260
1	21	35258	35692	35024	34445	33860	32693	32089	31054	29942	28880	29006	30200	30695	30691	31368	32540	32566	31872	33425	32715	31660	31301	30880	29963	29231	28899
1	22	37784	35828	36030	35368	34791	34210	33046	32445	31409	30294	29228	29354	30551	31049	31047	31725	32900	32928	32234	33789	33081	32022	31662	31239	30322	29585
1	23	38453	38207	35986	36200	35543	34975	34399	33241	32644	31609	30494	29431	29560	30757	31256	31252	31930	33105	33131	32437	33996	33285	32226	31869	31446	30529
1	24	36695	38607	38089	35884	36107	35460	34901	34334	33181	32590	31559	30451	29393	29526	30719	31215	31208	31885	33056	33079	32387	33945	33230	32177	31823	31403
1	25	36179	36731	38383	37873	35680	35915	35276	34725	34162	33015	32428	31403	30300	29248	29381	30570	31064	31056	31731	32898	32919	32229	33784	33068	32021	31669
1	26	36253	36221	36538	38194	37687	35509	35752	35120	34572	34011	32867	32284	31262	30164	29117	29250	30437	30930	30919	31595	32759	32779	32089	33644	32927	31883
1	27	34898	36304	36060	36385	38039	37541	35373	35622	34992	34446	33888	32747	32168	31149	30053	29010	29144	30329	30820	30809	31484	32645	32665	31976	33530	32815
1	28	34875	34943	36157	35920	36248	37907	37414	35254	35507	34876	34333	33777	32639	32062	31045	29951	28910	29046	30229	30720	30708	31382	32542	32562	31874	33428
1	29	34277	34889	34789	36007	35773	36107	37770	37279	35124	35377	34749	34208	33653	32518	31942	30928	29837	28798	28934	30116	30607	30595	31269	32429	32448	31761
1	30	33152	34302	34761	34667	35885	35657	35997	37660	37170	35019	35274	34647	34108	33554	32421	31849	30836	29747	28710	28845	30027	30518	30506	31181	32340	32358
1	31	33589	33182	34195	34660	34567	35789	35565	35910	37569	37083	34935	35190	34566	34026	33475	32343	31773	30761	29676	28640	28775	29958	30447	30435	31111	32269
1	32	33800	33591	33066	34082	34548	34460	35684	35464	35809	37467	36981	34837	35092	34470	33932	33382	32252	31684	30674	29590	28556	28693	29875	30365	30352	31028
1	33	33945	33819	33506	32987	34002	34471	34388	35612	35394	35741	37396	36911	34771	35025	34406	33868	33320	32191	31624	30617	29534	28501	28638	29819	30310	30298
1	34	33300	33969	33751	33442	32925	33942	34415	34335	35557	35341	35688	37342	36860	34723	34975	34358	33819	33273	32146	31579	30574	29492	28460	28597	29778	30270
1	35	32397	33306	33895	33682	33372	32859	33878	34353	34273	35496	35281	35627	37282	36802	34667	34917	34302	33764	33220	32095	31528	30524	29442	28413	28549	29731
1	36	29842	32405	33243	33834	33623	33316	32807	33826	34302	34223	35446	35232	35580	37233	36756	34622	34872	34260	33722	33179	32055	31488	30486	29406	28376	28512
1	37	29753	29850	32346	33186	33779	33573	33267	32760	33780	34256	34179	35401	35189	35537	37190	36717	34584	34834	34223	33685	33144	32021	31455	30456	29376	28346
1	38	31344	29742	29783	32278	33120	33717	33514	33210	32703	33723	34201	34124	35346	35137	35485	37138	36668	34537	34786	34177	33639	33099	31978	31413	30414	29336
1	39	31368	31303	29656	29699	32192	33037	33635	33434	33131	32625	33646	34125	34048	35269	35064	35412	37064	36598	34468	34718	34110	33573	33034	31916	31351	30353
1	40	32149	31325	31215	29572	29615	32107	32953	33554	33355	33053	32547	33568	34048	33971	35193	34989	35339	36991	36527	34401	34649	34044	33508	32970	31855	31290
1	41	33967	32117	31253	31143	29503	29547	32038	32887	33488	33290	32991	32485	33505	33988	33912	35133	34931	35283	36934	36472	34352	34599	33995	33461	32923	31809
1	42	35725	33916	32035	31171	31062	29427	29472	31961	32812	33414	33217	32920	32415	33435	33919	33845	35065	34867	35220	36869	36412	34295	34541	33939	33406	32868
1	43	36863	35662	33827	31950	31087	30979	29349	29392	31880	32735	33336	33141	32846	32343	33362	33847	33775	34994	34799	35154	36804	36349	34235	34479	33881	33349
1	44	36585	36802	35579	33749	31876	31013	30907	29282	29324	31810	32667	33269	33076	32783	32281	33301	33787	33717	34934	34744	35101	36752	36299	34187	34431	33835
1	45	37998	36508	36703	35487	33660	31791	30929	30826	29204	29246	31730	32590	33193	33002	32711	32210	33231	33717	33650	34868	34681	35037	36689	36239	34131	34374
1	46	38731	37907	36402	36600	35387	33566	31701	30841	30739	29121	29164	31645	32507	33112	32922	32633	32135	33156	33642	33578	34796	34612	34970	36622	36175	34069
1	47	39506	38633	37797	36299	36496	35288	33475	31614	30755	30654	29041	29085	31563	32427	33033	32846	32558	32062	33083	33570	33509	34727	34547	34905	36557	36114
1	48	38983	39393	38512	37682	36189	36387	35187	33380	31522	30665	30567	28958	29003	31478	32344	32951	32765	32480	31988	33008	33497	33437	34655	34478	34836	36490
1	49	40584	38875	39276	38401	37575	36089	36289	35095	33292	31440	30586	30488	28884	28929	31403	32271	32879	32696	32413	31922	32943	33433	33375	34592	34419	34778
1	50	39732	40478	38769	39170	38302	37480	36003	36205	35016	33218	31369	30518	30421	28823	28868	31339	32210	32820	32640	32359	31870	32890	33383	33328	34545	34375
1	51	39875	39627	40367	38670	39070	38211	37395	35923	36127	34944	33151	31306	30457	30361	28769	28814	31283	32158	32770	32593	32314	31827	32847	33342	33289	34508
1	52	39351	39749	39503	40247	38559	38961	38108	37299	35835	36041	34865	33076	31235	30390	30295	28709	28755	31222	32100	32713	32539	32263	31778	32798	33295	33245
1	53	38243	39199	39601	39363	40110	38433	38837	37991	37189	35733	35940	34772	32988	31154	30311	30217	28638	28685	31150	32029	32645	32474	32201	31718	32738	33237
1	54	37187	38077	39037	39445	39214	39965	38299	38706	37868	37072	35624	35834	34672	32895	31067	30228	30135	28563	28610	31073	31955	32572	32405	32134	31654	32675
1	55	36592	36999	37896	38858	39273	39047	39802	38149	38559	37729	36940	35500	35712	34558	32790	30968	30134	30042	28478	28525	30985	31870	32490	32325	32057	31581
1	56	35552	36389	36808	37706	38671	39091	38875	39633	37994	38405	37584	36801	35371	35585	34440	32681	30866	30036	29947	28389	28438	30895	31782	32404	32242	31978
1	57	34895	35345	36193	36619	37518	38487	38914	38705	39466	37841	38254	37442	36667	35246	35463	34326	32577	30769	29943	29857	28306	28357	30810	31700	32323	32166
1	58	33754	34667	35134	35986	36418	37321	38293	38725	38524	39287	37677	38094	37291	36524	35111	35331	34204	32464	30666	29843	29761	28218	28271	30718	31612	32237
1	59	32194	33496	34427	34898	35753	36191	37097	38073	38508	38316	39082	37487	37908	37114	36355	34953	35177	34059	32331	30542	29724	29646	28111	28167	30609	31505
1	60	31896	31922	33237	34170	34648	35507	35950	36859	37838	38279	38095	38864	37285	37708	36926	36175	34785	35011	33905	32189	30409	29597	29522	27997	28055	30491
1	61	31236	31599	31653	32967	33901	34387	35249	35698	36608	37590	38036	37861	38633	37072	37497	36727	35985	34607	34836	33741	32038	30268	29462	29390	27875	27936
1	62	30105	30914	31304	31368	32679	33616	34108	34972	35427	36338	37322	37775	37609	38382	36839	37267	36509	35777	34413	34645	33562	31872	30114	29315	29246	27743
1	63	30290	29762	30594	30993	31066	32376	33315	33814	34680	35139	36052	37038	37496	37340	38116	36591	37022	36276	35555	34206	34442	33370	31694	29948	29157	29093
1	64	30600	29915	29428	30263	30669	30753	32061	33003	33505	34374	34839	35753	36740	37206	37059	37837	36332	36765	36032	35322	33989	34229	33169	31508	29775	28992
1	65	31190	30187	29551	29082	29918	30333	30427	31732	32676	33183	34055	34525	35440	36429	36901	36765	37546	36060	36496	35776	35078	33760	34004	32958	31312	29595
1	66	31986	30712	29768	29153	28703	29541	29963	30070	31371	32315	32827	33702	34176	35094	36083	36560	36436	37218	35753	36194	35487	34801	33500	33749	32718	31087
1	67	34396	31431	30231	29316	28724	28293	29131	29561	29678	30974	31918	32436	33311	33792	34711	35700	36182	36068	36853	35411	35857	35165	34492	33210	33463	32447
1	68	26017	33729	30884	29720	28835	28267	27856	28694	29130	29259	30549	31494	32013	32885	33371	34290	35279	35767	35664	36452	35035	35485	34809	34150	32888	33147
1	69	24005	25452	33076	30305	29178	28324	27782	27390	28228	28673	28813	30095	31034	31552	32424	32915	33834	34822	35316	35224	36015	34624	35079	34420	33777	32538
1	70	24560	23429	24904	32389	29694	28608	27786	27270	26899	27737	28189	28339	29609	30538	31061	31935	32430	33348	34336	34835	34755	35548	34186	34646	34005	33379
1	71	22961	23908	22870	24326	31665	29049	28004	27217	26729	26380	27216	27676	27835	29091	30018	30546	31420	31919	32837	33822	34327	34261	35055	33723	34188	33566
1	72	20722	22284	23274	22280	23718	30900	28368	27366	26614	26154	25828	26663	27129	27299	28545	29469	30002	30875	31379	32296	33279	33789	33737	34532	33231	33700
1	73	18871	20051	21636	22617	21666	23084	30101	27656	26697	25981	25550	25248	26081	26552	26733	27969	28890	29428	30299	30808	31724	32704	33219	33182	33976	32709
1	74	19059	18211	19420	20976	21945	21040	22436	29283	26926	26011	25332	24929	24652	25482	25959	26152	27377	28294	28837	29706	30221	31134	32112	32632	32610	33404
1	75	18503	18323	17578	18763	20286	21242	20385	21758	28427	26158	25289	24648	24275	24022	24849	25332	25536	26749	27662	28209	29075	29595	30504	31479	32004	31998
1	76	17736	17722	17628	16927	18086	19574	20517	19709	21055	27536	25360	24538	23936	23593	23364	24187	24675	24890	26090	26999	27549	28413	28937	29842	30812	31342
1	77	16146	16922	16994	16921	16265	17397	18847	19777	19018	20336	26623	24543	23767	23205	22892	22688	23505	23998	24225	25409	26314	26868	27728	28257	29158	30123
1	78	15326	15328	16155	16244	16192	15581	16684	18096	19009	18299	19588	25671	23689	22962	22440	22158	21980	22791	23287	23525	24693	25591	26148	27004	27536	28433
1	79	14229	14464	14556	15362	15466	15436	14872	15944	17314	18207	17547	18807	24675	22793	22116	21635	21383	21231	22035	22533	22782	23933	24824	25383	26232	26768
1	80	12878	13341	13655	13763	14548	14666	14657	14139	15178	16504	17376	16768	17993	23637	21857	21231	20792	20571	20445	21240	21741	22001	23133	24015	24576	25418
1	81	11713	11988	12517	12835	12958	13720	13851	13862	13391	14394	15673	16525	15967	17155	22566	20894	20319	19923	19733	19632	20417	20920	21191	22303	23173	23734
1	82	10938	10813	11164	11680	12002	12139	12874	13018	13049	12624	13590	14819	15648	15141	16291	21459	19896	19373	19019	18860	18784	19557	20062	20344	21433	22290
1	83	9747	9998	9981	10328	10830	11155	11303	12009	12166	12216	11838	12764	13940	14744	14287	15397	20312	18860	18389	18077	17949	17899	18660	19163	19455	20518
1	84	8348	8813	9140	9147	9489	9975	10299	10458	11134	11301	11368	11036	11920	13041	13817	13411	14477	19131	17791	17372	17102	17005	16981	17726	18228	18527
1	85	7278	7460	7972	8290	8320	8656	9124	9444	9614	10257	10434	10516	10228	11068	12133	12879	12523	13542	17926	16699	16332	16104	16037	16039	16766	17264
1	86	6022	6417	6666	7146	7453	7503	7830	8278	8592	8772	9381	9564	9660	9415	10209	11214	11929	11622	12592	16699	15587	15271	15084	15046	15071	15778
1	87	5219	5231	5659	5897	6343	6639	6706	7022	7447	7755	7939	8513	8702	8809	8606	9352	10297	10976	10717	11636	15461	14461	14196	14049	14038	14085
1	88	4448	4467	4551	4940	5166	5576	5860	5942	6244	6645	6944	7130	7668	7859	7975	7811	8509	9390	10034	9820	10684	14226	13337	13119	13008	13023
1	89	3623	3748	3832	3917	4266	4480	4854	5123	5216	5503	5879	6165	6351	6851	7042	7164	7036	7684	8502	9109	8936	9745	13005	12223	12049	11971
1	90	3053	2999	3164	3246	3330	3641	3841	4179	4430	4530	4800	5150	5421	5604	6066	6255	6381	6284	6883	7636	8204	8068	8823	11805	11121	10988
1	91	2249	2474	2485	2631	2709	2791	3065	3249	3551	3783	3888	4139	4461	4715	4893	5316	5499	5628	5559	6108	6796	7322	7221	7919	10624	10034
1	92	1866	1780	2006	2023	2150	2224	2302	2540	2707	2974	3186	3292	3523	3815	4051	4222	4605	4780	4909	4865	5363	5986	6470	6401	7040	9472
1	93	1401	1439	1410	1595	1616	1725	1793	1865	2070	2218	2452	2643	2747	2956	3219	3435	3597	3939	4105	4231	4209	4656	5215	5656	5614	6194
1	94	985	1050	1111	1093	1242	1264	1356	1418	1483	1656	1786	1987	2157	2256	2443	2676	2872	3022	3325	3479	3601	3596	3994	4490	4888	4869
1	95	487	716	789	838	828	945	967	1043	1098	1155	1299	1411	1581	1729	1822	1986	2190	2364	2501	2766	2907	3023	3032	3381	3817	4172
1	96	324	343	523	578	617	612	703	723	785	832	882	999	1094	1235	1362	1447	1589	1764	1917	2040	2268	2395	2503	2522	2825	3203
1	97	235	221	243	373	413	443	442	511	529	578	617	660	753	832	948	1054	1130	1251	1399	1531	1640	1833	1946	2045	2070	2330
1	98	140	155	152	168	259	288	310	311	362	378	416	448	483	556	620	713	801	866	968	1091	1203	1297	1459	1558	1646	1675
1	99	105	89	103	101	113	174	195	211	213	250	263	292	317	345	401	452	526	597	652	735	836	929	1009	1143	1228	1305
1	100	65	64	57	66	65	73	114	128	139	142	168	178	199	219	240	283	322	379	435	481	547	628	704	771	880	952
1	101	34	38	39	35	41	40	46	72	81	89	91	109	117	132	147	163	194	223	266	309	346	398	462	523	578	664
1	102	18	19	22	23	21	24	24	28	44	49	55	57	68	74	85	95	107	129	151	182	214	243	283	332	380	424
1	103	10	9	11	12	13	12	14	14	16	26	29	33	34	41	45	53	60	68	83	99	121	145	167	197	233	270
1	104	4	5	5	6	6	7	7	8	8	9	15	16	19	20	24	27	32	36	42	52	63	78	95	112	134	160
1	105 - 109	2	3	4	4	4	4	5	6	7	7	8	12	14	17	19	23	26	32	38	46	57	72	89	112	139	172
1	110 and over	0	0	0	0	0	0	0	0	0	0	0	0	0	0	0	0	0	0	0	0	0	0	1	1	1	2
2	0	27384	27213	26353	25676	25379	25219	25057	24892	24716	24556	24422	24308	24185	24002	23763	23500	23247	23009	22795	22607	22447	22321	22227	22166	22119	22087
2	1	28115	27533	27305	26447	25768	25472	25312	25154	24989	24813	24652	24518	24404	24281	24098	23858	23595	23342	23104	22890	22701	22540	22415	22321	22260	22214
2	2	28804	28233	27589	27363	26505	25825	25531	25373	25215	25049	24874	24712	24578	24464	24341	24157	23918	23654	23400	23163	22948	22758	22598	22473	22379	22317
2	3	29823	28907	28281	27638	27412	26554	25875	25582	25422	25264	25099	24924	24761	24628	24514	24390	24206	23966	23702	23448	23211	22995	22805	22644	22519	22425
2	4	28590	29911	28944	28319	27677	27453	26594	25916	25623	25461	25303	25138	24963	24801	24667	24553	24429	24246	24006	23741	23487	23250	23033	22842	22682	22556
2	5	29424	28666	29942	28977	28353	27710	27487	26629	25950	25658	25495	25336	25171	24998	24835	24700	24586	24462	24279	24039	23773	23520	23282	23066	22874	22713
2	6	29276	29489	28692	29969	29005	28381	27738	27516	26657	25979	25687	25523	25364	25199	25026	24862	24728	24613	24490	24306	24066	23799	23547	23309	23092	22900
2	7	27994	29326	29507	28710	29989	29026	28402	27759	27538	26678	25999	25707	25543	25384	25219	25046	24882	24748	24633	24510	24326	24085	23819	23566	23329	23111
2	8	27547	28038	29341	29525	28728	30007	29046	28423	27777	27558	26696	26018	25726	25561	25401	25236	25063	24899	24765	24649	24527	24343	24102	23836	23582	23346
2	9	27107	27585	28049	29355	29540	28743	30023	29064	28439	27794	27575	26713	26034	25742	25576	25416	25251	25077	24913	24779	24663	24541	24358	24116	23850	23597
2	10	26496	27142	27595	28060	29368	29551	28755	30036	29078	28453	27808	27588	26727	26046	25753	25588	25428	25263	25090	24926	24791	24676	24553	24369	24128	23862
2	11	26013	26527	27148	27604	28069	29376	29561	28765	30046	29089	28465	27819	27599	26738	26056	25764	25598	25438	25274	25100	24936	24801	24686	24563	24379	24138
2	12	25884	26038	26530	27151	27609	28075	29382	29567	28772	30053	29097	28473	27827	27606	26744	26063	25771	25605	25445	25281	25107	24942	24807	24692	24570	24385
2	13	27062	25907	26036	26529	27149	27610	28075	29383	29568	28773	30055	29098	28475	27828	27607	26745	26065	25772	25607	25447	25282	25109	24944	24808	24694	24571
2	14	27349	27088	25908	26037	26530	27151	27614	28080	29388	29573	28779	30061	29104	28481	27833	27610	26748	26070	25776	25612	25451	25286	25115	24948	24813	24699
2	15	28545	27387	27099	25921	26050	26544	27166	27630	28096	29404	29589	28796	30078	29121	28497	27849	27626	26765	26086	25793	25627	25467	25303	25130	24964	24828
2	16	29163	28592	27405	27119	25941	26070	26564	27187	27651	28118	29427	29614	28819	30101	29146	28521	27873	27649	26787	26109	25816	25651	25491	25327	25154	24988
2	17	30251	29267	28655	27468	27182	26005	26132	26626	27251	27716	28184	29495	29684	28890	30172	29218	28592	27942	27716	26855	26176	25883	25716	25556	25393	25219
2	18	30968	30732	29659	29039	27849	27555	26375	26494	26989	27621	28093	28567	29882	30083	29289	30567	29622	28987	28332	28100	27236	26550	26251	26081	25922	25757
2	19	33033	32003	31597	30517	29881	28679	28370	27182	27289	27789	28433	28916	29398	30731	30948	30153	31431	30493	29843	29176	28934	28061	27360	27051	26876	26713
2	20	34563	34146	32887	32477	31386	30744	29528	29212	28010	28111	28618	29271	29763	30253	31606	31832	31030	32317	31375	30714	30035	29787	28904	28190	27875	27695
2	21	35723	35401	34726	33467	33056	31968	31324	30104	29785	28577	28676	29185	29842	30338	30832	32193	32423	31618	32910	31966	31299	30615	30365	29478	28759	28440
2	22	38871	36379	35760	35092	33835	33434	32348	31710	30489	30170	28961	29061	29572	30229	30726	31219	32583	32812	32006	33300	32355	31687	31002	30753	29864	29145
2	23	38606	39165	36346	35754	35094	33852	33465	32388	31759	30543	30232	29027	29135	29645	30297	30790	31279	32637	32858	32051	33348	32397	31736	31056	30812	29925
2	24	36646	38521	38758	35966	35398	34754	33532	33161	32094	31476	30271	29970	28775	28890	29395	30039	30525	31007	32354	32565	31761	33054	32101	31451	30780	30542
2	25	35995	36563	38155	38396	35624	35076	34444	33238	32873	31814	31204	30008	29712	28528	28644	29144	29783	30263	30742	32079	32284	31484	32771	31820	31177	30513
2	26	36648	36010	36347	37942	38181	35425	34888	34265	33063	32704	31648	31042	29852	29559	28380	28498	28996	29631	30109	30584	31918	32119	31321	32605	31654	31016
2	27	35933	36703	35868	36212	37803	38048	35303	34774	34151	32954	32597	31545	30940	29756	29464	28288	28408	28903	29536	30013	30486	31818	32017	31219	32502	31553
2	28	35421	36012	36609	35780	36125	37719	37967	35231	34703	34083	32887	32533	31482	30880	29696	29406	28233	28353	28848	29480	29956	30428	31758	31957	31160	32442
2	29	35683	35493	35936	36536	35710	36060	37655	37906	35174	34647	34028	32834	32481	31432	30830	29647	29358	28187	28307	28802	29433	29909	30380	31709	31908	31114
2	30	34586	35755	35436	35882	36483	35664	36014	37612	37863	35133	34607	33988	32795	32442	31395	30794	29611	29324	28152	28274	28768	29400	29875	30345	31674	31874
2	31	35202	34664	35722	35409	35855	36460	35645	35997	37595	37847	35117	34591	33971	32779	32426	31379	30778	29596	29308	28137	28259	28753	29385	29861	30331	31660
2	32	35934	35275	34642	35703	35392	35842	36448	35636	35989	37586	37840	35110	34583	33963	32771	32417	31371	30770	29588	29300	28128	28251	28744	29377	29855	30325
2	33	35334	35991	35253	34620	35681	35375	35826	36435	35623	35976	37574	37829	35100	34570	33951	32759	32404	31359	30759	29576	29288	28116	28238	28731	29365	29845
2	34	34655	35389	35977	35240	34606	35671	35367	35820	36430	35618	35970	37568	37825	35096	34565	33947	32754	32398	31354	30754	29571	29282	28109	28231	28725	29361
2	35	33126	34723	35396	35986	35252	34619	35685	35383	35836	36446	35636	35987	37585	37844	35117	34582	33965	32772	32415	31371	30771	29588	29297	28124	28244	28740
2	36	31341	33186	34730	35406	35997	35265	34634	35700	35399	35852	36462	35654	36005	37603	37864	35136	34600	33983	32789	32431	31389	30788	29606	29314	28140	28260
2	37	30293	31380	33177	34723	35402	35994	35264	34635	35700	35400	35852	36463	35655	36007	37606	37867	35141	34603	33987	32792	32435	31393	30792	29609	29318	28144
2	38	32403	30321	31363	33162	34709	35390	35984	35256	34626	35691	35392	35844	36454	35649	36000	37599	37862	35137	34599	33983	32788	32432	31389	30789	29606	29316
2	39	33020	32419	30300	31340	33140	34689	35373	35967	35239	34609	35674	35376	35828	36439	35635	35986	37585	37849	35127	34588	33973	32778	32422	31380	30780	29597
2	40	33179	33030	32395	30277	31316	33118	34668	35354	35947	35221	34590	35656	35358	35810	36422	35619	35970	37569	37834	35115	34576	33961	32767	32410	31369	30770
2	41	35381	33195	33012	32379	30263	31302	33104	34656	35343	35937	35211	34581	35647	35350	35803	36414	35613	35965	37564	37830	35114	34574	33958	32765	32409	31369
2	42	38075	35390	33176	32994	32361	30247	31287	33090	34643	35331	35926	35201	34572	35637	35342	35795	36407	35606	35959	37560	37827	35112	34571	33955	32763	32408
2	43	39781	38073	35364	33152	32969	32339	30228	31266	33068	34624	35312	35908	35185	34557	35621	35328	35781	36394	35595	35947	37548	37818	35105	34563	33948	32756
2	44	39213	39771	38043	35337	33125	32945	32317	30207	31245	33047	34603	35294	35889	35169	34541	35604	35315	35767	36381	35583	35936	37537	37807	35098	34556	33942
2	45	40706	39198	39734	38011	35307	33099	32918	32292	30184	31221	33022	34580	35273	35869	35151	34522	35585	35299	35751	36366	35570	35923	37524	37796	35091	34548
2	46	41544	40687	39164	39700	37980	35281	33075	32893	32268	30164	31199	33000	34560	35254	35851	35135	34507	35569	35286	35738	36353	35560	35913	37514	37787	35085
2	47	41388	41510	40642	39120	39657	37940	35246	33043	32861	32237	30135	31169	32970	34531	35227	35825	35111	34484	35546	35264	35718	36333	35542	35895	37497	37771
2	48	41419	41346	41456	40591	39071	39610	37897	35208	33007	32826	32203	30105	31136	32938	34500	35198	35796	35084	34460	35521	35241	35696	36312	35522	35874	37476
2	49	42736	41372	41287	41399	40537	39023	39561	37853	35169	32970	32790	32168	30074	31104	32906	34469	35168	35767	35058	34435	35496	35218	35674	36291	35502	35856
2	50	42569	42676	41308	41223	41338	40481	38970	39509	37807	35126	32931	32751	32131	30041	31070	32870	34435	35136	35736	35030	34408	35468	35194	35649	36269	35482
2	51	42219	42503	42605	41243	41161	41277	40426	38919	39457	37761	35085	32893	32712	32095	30008	31035	32835	34402	35106	35707	35003	34383	35442	35171	35627	36249
2	52	40847	42149	42431	42534	41180	41098	41217	40370	38867	39407	37716	35046	32856	32675	32060	29977	31003	32804	34371	35078	35680	34979	34360	35420	35150	35607
2	53	40041	40758	42054	42339	42445	41099	41019	41139	40298	38799	39341	37655	34990	32804	32624	32012	29933	30960	32760	34326	35036	35639	34941	34323	35383	35116
2	54	38522	39924	40639	41935	42224	42333	40994	40916	41039	40203	38709	39252	37572	34915	32734	32555	31945	29873	30899	32696	34263	34975	35579	34883	34269	35328
2	55	38639	38401	39797	40516	41812	42103	42216	40884	40808	40935	40104	38615	39157	37485	34837	32662	32483	31877	29812	30835	32631	34199	34912	35518	34824	34214
2	56	37488	38506	38275	39669	40389	41686	41979	42097	40771	40699	40828	40003	38520	39062	37397	34758	32590	32411	31810	29749	30772	32567	34135	34850	35457	34767
2	57	36344	37343	38363	38138	39530	40253	41549	41846	41967	40650	40580	40712	39892	38416	38959	37303	34672	32511	32333	31736	29683	30704	32498	34066	34782	35390
2	58	35232	36179	37180	38202	37982	39372	40097	41391	41692	41816	40508	40441	40576	39762	38295	38838	37190	34569	32416	32241	31647	29603	30622	32415	33981	34699
2	59	33918	35052	36004	37005	38026	37813	39201	39927	41219	41525	41651	40353	40290	40428	39621	38162	38706	37068	34457	32313	32140	31551	29515	30532	32323	33888
2	60	33317	33740	34879	35830	36831	37853	37647	39032	39760	41052	41361	41490	40202	40143	40284	39485	38034	38579	36949	34351	32216	32044	31460	29432	30447	32237
2	61	32805	33129	33563	34699	35650	36652	37675	37475	38857	39586	40878	41191	41323	40045	39990	40135	39343	37901	38447	36827	34241	32116	31945	31365	29347	30359
2	62	31633	32593	32928	33365	34499	35451	36454	37476	37283	38660	39392	40683	41000	41136	39869	39818	39967	39183	37751	38298	36689	34115	32001	31832	31256	29247
2	63	32033	31402	32370	32709	33149	34281	35233	36236	37259	37072	38445	39179	40468	40789	40930	39675	39627	39782	39006	37584	38132	36535	33975	31872	31706	31136
2	64	31886	31763	31157	32123	32466	32908	34037	34991	35993	37015	36835	38205	38941	40227	40552	40698	39455	39412	39572	38804	37395	37945	36360	33815	31724	31561
2	65	32839	31583	31483	30888	31852	32199	32645	33772	34724	35726	36746	36573	37939	38676	39959	40289	40440	39211	39173	39338	38580	37184	37735	36164	33636	31559
2	66	33885	32494	31275	31183	30600	31563	31913	32362	33486	34437	35437	36457	36292	37654	38392	39673	40007	40164	38949	38918	39088	38339	36958	37510	35953	33444
2	67	36794	33486	32142	30944	30861	30289	31251	31604	32056	33177	34128	35126	36143	35987	37343	38083	39361	39700	39863	38662	38639	38813	38076	36709	37263	35722
2	68	27792	36315	33092	31771	30595	30520	29962	30919	31277	31732	32849	33799	34793	35807	35660	37011	37751	39027	39371	39541	38355	38340	38521	37796	36444	37001
2	69	26619	27390	35838	32667	31371	30217	30151	29608	30562	30924	31382	32496	33440	34427	35439	35303	36648	37390	38663	39012	39188	38021	38014	38201	37489	36155
2	70	26897	26189	26986	35322	32207	30938	29809	29753	29226	30176	30543	31004	32108	33046	34031	35040	34914	36255	36998	38266	38620	38804	37659	37659	37853	37154
2	71	26363	26411	25758	26551	34768	31712	30472	29369	29325	28815	29760	30132	30595	31690	32626	33608	34614	34499	35835	36579	37843	38203	38394	37270	37279	37480
2	72	24343	25834	25927	25294	26083	34172	31179	29970	28896	28863	28370	29311	29688	30155	31243	32178	33157	34159	34056	35385	36130	37390	37756	37955	36854	36872
2	73	22743	23810	25318	25420	24809	25593	33544	30622	29446	28402	28380	27906	28842	29224	29695	30778	31708	32684	33684	33592	34914	35660	36916	37289	37497	36420
2	74	23112	22196	23291	24777	24887	24298	25077	32884	30035	28894	27881	27871	27417	28348	28735	29210	30287	31215	32188	33185	33106	34420	35168	36417	36798	37015
2	75	22457	22496	21660	22739	24200	24318	23754	24526	32179	29405	28302	27322	27324	26892	27817	28210	28689	29759	30684	31653	32646	32582	33888	34636	35880	36269
2	76	21792	21796	21895	21092	22153	23587	23714	23177	23942	31431	28737	27674	26729	26744	26335	27253	27652	28135	29198	30119	31083	32073	32023	33321	34070	35308
2	77	21038	21079	21151	21260	20492	21534	22941	23077	22567	23325	30640	28030	27008	26100	26129	25744	26656	27061	27547	28602	29519	30478	31463	31429	32718	33468
2	78	20145	20269	20384	20467	20585	19853	20876	22255	22399	21917	22670	29797	27277	26298	25428	25472	25112	26017	26429	26916	27964	28874	29830	30810	30792	32071
2	79	19033	19315	19517	19642	19738	19866	19173	20173	21520	21674	21223	21967	28895	26469	25537	24709	24767	24434	25331	25748	26239	27277	28181	29131	30105	30104
2	80	17699	18149	18505	18717	18853	18961	19100	18446	19423	20736	20902	20482	21216	27931	25605	24723	23938	24012	23706	24594	25017	25512	26538	27436	28380	29346
2	81	16503	16776	17295	17653	17874	18022	18142	18292	17681	18631	19910	20085	19698	20422	26911	24692	23860	23122	23212	22933	23813	24239	24738	25751	26643	27579
2	82	16231	15537	15889	16402	16761	16992	17149	17284	17443	16875	17800	19039	19225	18873	19585	25835	23728	22950	22259	22366	22115	22984	23415	23917	24916	25800
2	83	14848	15161	14613	14963	15468	15829	16068	16236	16383	16552	16031	16927	18124	18320	18003	18703	24699	22708	21986	21346	21470	21249	22105	22541	23045	24029
2	84	13550	13747	14143	13653	14001	14497	14859	15104	15284	15442	15620	15146	16012	17165	17371	17090	17776	23504	21633	20969	20383	20523	20333	21174	21614	22121
2	85	12133	12417	12707	13095	12664	13010	13495	13856	14107	14298	14466	14654	14227	15061	16167	16382	16138	16808	22255	20511	19906	19372	19529	19370	20196	20640
2	86	10618	10999	11364	11651	12030	11659	12001	12473	12831	13088	13289	13466	13664	13284	14084	15140	15364	15158	15810	20963	19350	18804	18325	18498	18371	19179
2	87	9633	9501	9948	10298	10580	10949	10636	10973	11430	11784	12045	12253	12440	12644	12313	13076	14080	14312	14142	14775	19624	18142	17657	17233	17421	17327
2	88	8655	8496	8481	8897	9230	9506	9862	9606	9935	10376	10723	10986	11200	11394	11602	11320	12045	12993	13232	13098	13708	18241	16892	16468	16100	16302
2	89	7204	7516	7479	7480	7864	8179	8448	8790	8587	8907	9329	9668	9930	10149	10348	10559	10324	11008	11898	12142	12043	12629	16839	15624	15260	14946
2	90	6310	6152	6517	6497	6514	6866	7162	7420	7747	7593	7902	8302	8630	8889	9109	9311	9524	9333	9975	10806	11052	10985	11546	15428	14345	14040
2	91	5270	5293	5250	5573	5568	5597	5917	6193	6439	6748	6639	6934	7311	7625	7879	8097	8299	8511	8362	8959	9730	9976	9939	10472	14026	13071
2	92	4499	4331	4433	4408	4690	4698	4737	5025	5279	5511	5800	5731	6010	6362	6660	6905	7119	7319	7527	7416	7968	8677	8921	8911	9414	12641
2	93	3768	3607	3548	3641	3630	3873	3892	3938	4194	4425	4641	4908	4873	5134	5459	5738	5972	6179	6374	6576	6500	7005	7651	7890	7904	8375
2	94	3055	2940	2884	2844	2928	2928	3135	3161	3212	3436	3644	3842	4085	4078	4318	4614	4873	5093	5291	5478	5671	5625	6083	6666	6897	6932
2	95	1627	2316	2290	2253	2228	2302	2311	2484	2515	2567	2761	2945	3123	3341	3355	3573	3839	4076	4280	4466	4643	4825	4804	5215	5736	5956
2	96	1165	1196	1754	1740	1717	1705	1768	1783	1925	1958	2009	2174	2334	2492	2684	2713	2908	3144	3357	3543	3715	3879	4049	4048	4412	4873
2	97	918	829	880	1295	1289	1277	1273	1326	1344	1458	1491	1539	1677	1813	1951	2117	2156	2327	2533	2722	2889	3045	3195	3350	3365	3684
2	98	688	631	592	630	931	930	926	927	971	989	1079	1111	1154	1267	1381	1498	1640	1684	1831	2008	2172	2320	2459	2594	2734	2759
2	99	479	457	436	411	439	651	653	654	658	693	710	780	809	847	937	1031	1128	1247	1292	1417	1566	1706	1835	1957	2076	2200
2	100	326	306	306	292	277	297	442	446	449	455	482	497	550	575	607	678	753	833	930	973	1077	1201	1318	1428	1533	1636
2	101	197	200	198	198	190	181	195	292	296	300	306	327	340	379	399	426	480	539	603	681	720	805	906	1003	1095	1184
2	102	110	117	125	124	125	120	115	125	188	192	196	201	217	227	256	272	293	334	379	430	491	525	593	674	753	829
2	103	69	62	70	75	75	76	73	71	77	117	120	124	128	139	147	168	180	196	226	260	299	346	374	428	491	554
2	104	38	37	35	40	43	43	44	43	42	46	70	72	75	78	86	92	106	115	127	148	173	202	237	260	301	349
2	105 - 109	45	39	39	37	40	44	46	49	48	48	50	65	75	85	92	102	110	126	143	160	186	220	265	319	373	439
2	110 and over	0	0	0	0	0	0	0	0	0	0	0	0	0	0	0	1	1	1	2	3	3	4	4	5	7	11
