Sex	Age	2014	2015	2016	2017	2018	2019	2020	2021	2022	2023	2024	2025	2026	2027	2028	2029	2030	2031	2032	2033	2034	2035	2036	2037	2038	2039
1	0	28913	28565	27658	26949	26636	26465	26294	26121	25935	25766	25624	25504	25375	25181	24928	24648	24382	24131	23905	23706	23535	23398	23299	23230	23183	23145
1	1	29337	29072	28660	27753	27043	26732	26562	26393	26219	26033	25864	25721	25601	25473	25278	25025	24744	24478	24226	24000	23800	23629	23491	23393	23324	23277
1	2	30424	29451	29117	28707	27799	27093	26782	26613	26444	26269	26083	25914	25769	25650	25522	25328	25074	24793	24527	24274	24047	23846	23675	23538	23439	23371
1	3	31184	30503	29467	29135	28724	27820	27115	26804	26634	26465	26290	26104	25935	25790	25671	25543	25349	25095	24813	24547	24294	24066	23865	23694	23557	23458
1	4	29656	31243	30507	29475	29142	28732	27829	27126	26815	26644	26476	26301	26115	25946	25801	25681	25554	25359	25105	24824	24557	24303	24076	23875	23704	23566
1	5	30352	29712	31251	30517	29486	29153	28744	27841	27139	26827	26655	26489	26314	26127	25958	25811	25692	25566	25371	25116	24835	24568	24313	24086	23885	23714
1	6	30378	30404	29722	31263	30529	29499	29167	28757	27855	27152	26839	26667	26502	26326	26139	25970	25822	25703	25579	25383	25127	24846	24579	24323	24096	23895
1	7	29262	30425	30414	29732	31275	30541	29513	29181	28772	27869	27165	26852	26680	26515	26338	26152	25981	25833	25715	25592	25396	25140	24857	24591	24334	24107
1	8	28610	29298	30429	30420	29738	31283	30551	29523	29190	28780	27877	27173	26860	26688	26523	26346	26160	25987	25840	25722	25599	25402	25146	24864	24599	24342
1	9	28635	28643	29301	30433	30426	29745	31290	30559	29529	29197	28787	27884	27179	26866	26694	26529	26352	26166	25994	25846	25728	25604	25407	25151	24869	24605
1	10	28184	28673	28653	29311	30445	30440	29759	31304	30573	29545	29212	28802	27898	27192	26878	26706	26541	26365	26179	26006	25858	25741	25615	25419	25164	24882
1	11	27029	28225	28687	28668	29327	30462	30460	29777	31322	30592	29563	29228	28819	27915	27209	26895	26722	26557	26380	26194	26021	25874	25756	25631	25435	25179
1	12	26889	27057	28224	28687	28670	29330	30466	30465	29782	31326	30596	29567	29231	28822	27919	27212	26898	26725	26560	26383	26198	26024	25876	25759	25633	25438
1	13	27929	26921	27061	28228	28693	28675	29337	30475	30474	29790	31334	30604	29576	29240	28830	27928	27221	26906	26733	26568	26391	26206	26032	25884	25767	25641
1	14	29027	27973	26936	27077	28244	28711	28694	29358	30496	30495	29810	31356	30626	29597	29261	28851	27948	27240	26924	26752	26588	26412	26227	26052	25905	25787
1	15	30060	29069	27984	26949	27089	28258	28726	28709	29373	30511	30511	29826	31372	30641	29613	29276	28866	27963	27256	26940	26768	26603	26428	26242	26067	25921
1	16	30657	30109	29086	28002	26967	27110	28279	28747	28730	29395	30532	30533	29848	31393	30663	29635	29298	28889	27986	27278	26962	26789	26624	26449	26263	26088
1	17	31830	30751	30162	29140	28054	27021	27164	28334	28802	28787	29452	30589	30591	29907	31450	30723	29694	29357	28948	28043	27335	27019	26845	26680	26505	26318
1	18	32612	32162	31007	30414	29390	28303	27265	27405	28578	29050	29038	29703	30846	30852	30166	31710	30986	29957	29615	29203	28296	27585	27266	27090	26924	26748
1	19	33734	33328	32744	31586	30983	29956	28860	27813	27946	29125	29607	29599	30266	31419	31434	30747	32291	31575	30537	30185	29771	28858	28138	27813	27634	27465
1	20	35028	34557	33975	33390	32223	31618	30585	29480	28422	28551	29739	30229	30222	30895	32059	32081	31388	32938	32224	31176	30818	30399	29479	28750	28417	28236
1	21	35258	35692	35023	34443	33857	32690	32085	31050	29938	28875	29002	30194	30688	30683	31359	32530	32556	31860	33413	32700	31646	31286	30863	29939	29205	28868
1	22	37784	35828	36029	35366	34788	34206	33042	32439	31403	30289	29222	29348	30544	31040	31036	31714	32888	32916	32219	33774	33062	32004	31642	31218	30292	29555
1	23	38453	38207	35985	36198	35539	34971	34395	33237	32636	31601	30487	29423	29552	30748	31244	31238	31916	33091	33117	32419	33977	33262	32204	31843	31420	30494
1	24	36695	38607	38088	35882	36104	35455	34896	34329	33176	32580	31549	30442	29383	29514	30708	31199	31191	31868	33041	33062	32365	33921	33204	32150	31793	31371
1	25	36179	36731	38382	37870	35677	35911	35270	34719	34156	33008	32417	31391	30288	29235	29368	30557	31045	31036	31711	32879	32898	32203	33755	33037	31988	31633
1	26	36253	36221	36537	38191	37683	35504	35747	35112	34564	34002	32858	32271	31248	30149	29100	29235	30422	30906	30898	31570	32735	32752	32059	33609	32890	31843
1	27	34898	36304	36058	36382	38035	37534	35367	35615	34982	34436	33877	32735	32152	31132	30035	28990	29125	30310	30792	30784	31456	32618	32633	31941	33488	32770
1	28	34875	34943	36156	35916	36244	37900	37405	35246	35497	34864	34320	33761	32624	32042	31025	29930	28887	29022	30206	30686	30679	31349	32510	32523	31831	33378
1	29	34277	34889	34787	36004	35767	36101	37760	37268	35113	35366	34734	34191	33635	32499	31919	30904	29810	28770	28906	30086	30567	30559	31228	32388	32400	31708
1	30	33152	34302	34759	34663	35880	35649	35988	37648	37156	35005	35259	34628	34087	33531	32398	31819	30806	29714	28676	28811	29990	30471	30462	31130	32289	32300
1	31	33589	33182	34194	34655	34561	35782	35555	35897	37555	37065	34918	35170	34542	34000	33446	32314	31736	30725	29635	28598	28733	29910	30390	30382	31048	32206
1	32	33800	33591	33064	34079	34540	34451	35674	35451	35793	37449	36959	34815	35068	34441	33900	33346	32215	31638	30629	29541	28507	28640	29817	30296	30287	30952
1	33	33945	33819	33503	32982	33996	34460	34376	35599	35377	35720	37372	36883	34744	34994	34370	33827	33275	32146	31568	30561	29474	28441	28574	29748	30227	30218
1	34	33300	33969	33749	33437	32917	33933	34401	34318	35540	35319	35661	37311	36824	34688	34936	34313	33770	33218	32090	31512	30507	29419	28388	28520	29692	30171
1	35	32397	33306	33892	33677	33364	32847	33867	34334	34252	35472	35252	35593	37243	36756	34623	34868	34247	33704	33152	32026	31448	30443	29356	28325	28457	29627
1	36	29842	32405	33240	33828	33615	33305	32791	33811	34278	34196	35414	35196	35536	37185	36700	34569	34812	34193	33650	33098	31972	31393	30390	29303	28272	28403
1	37	29753	29850	32344	33180	33770	33561	33252	32740	33760	34227	34145	35362	35145	35485	37131	36650	34521	34761	34143	33599	33048	31922	31343	30340	29254	28224
1	38	31344	29742	29781	32273	33111	33705	33498	33190	32678	33697	34165	34082	35299	35082	35422	37066	36587	34462	34700	34082	33538	32988	31863	31282	30280	29195
1	39	31368	31303	29653	29694	32184	33024	33620	33413	33106	32595	33613	34080	33998	35213	34997	35337	36978	36502	34379	34616	33999	33456	32905	31781	31201	30200
1	40	32149	31325	31212	29566	29607	32096	32938	33533	33328	33022	32510	33527	33993	33913	35126	34911	35251	36889	36415	34295	34531	33915	33371	32821	31700	31118
1	41	33967	32117	31250	31137	29494	29535	32022	32867	33461	33257	32953	32440	33455	33923	33843	35054	34840	35181	36815	36343	34227	34462	33846	33302	32752	31632
1	42	35725	33916	32031	31165	31053	29414	29456	31939	32786	33380	33178	32873	32361	33375	33844	33764	34974	34760	35101	36732	36263	34150	34383	33767	33224	32675
1	43	36863	35662	33823	31942	31077	30966	29331	29372	31852	32701	33295	33094	32791	32278	33290	33760	33680	34888	34676	35016	36647	36179	34069	34298	33684	33141
1	44	36585	36802	35575	33741	31864	30999	30889	29259	29299	31776	32626	33220	33020	32718	32205	33216	33685	33606	34812	34602	34943	36573	36106	33998	34226	33611
1	45	37998	36508	36699	35478	33647	31773	30910	30802	29175	29215	31689	32539	33134	32935	32634	32122	33130	33601	33521	34727	34518	34858	36485	36021	33916	34143
1	46	38731	37907	36398	36591	35375	33548	31678	30817	30709	29086	29125	31596	32446	33041	32843	32543	32032	33039	33509	33431	34635	34427	34767	36393	35930	33828
1	47	39506	38633	37792	36290	36481	35270	33450	31585	30724	30617	28998	29037	31504	32355	32950	32753	32454	31945	32949	33418	33342	34544	34337	34678	36301	35839
1	48	38983	39393	38507	37672	36175	36366	35161	33348	31486	30628	30521	28907	28944	31407	32260	32856	32659	32361	31854	32854	33325	33250	34448	34243	34583	36204
1	49	40584	38875	39270	38390	37559	36068	36261	35061	33253	31396	30541	30433	28824	28860	31319	32173	32768	32574	32275	31771	32768	33239	33164	34360	34157	34496
1	50	39732	40478	38763	39158	38285	37457	35975	36167	34973	33169	31317	30463	30356	28752	28786	31242	32096	32691	32499	32201	31698	32693	33165	33090	34284	34083
1	51	39875	39627	40361	38657	39052	38186	37363	35888	36080	34890	33092	31243	30390	30284	28684	28718	31169	32026	32621	32430	32133	31631	32624	33096	33021	34214
1	52	39351	39749	39496	40233	38538	38935	38076	37258	35789	35982	34798	33004	31159	30310	30203	28609	28643	31089	31947	32542	32351	32056	31555	32545	33017	32943
1	53	38243	39199	39593	39348	40087	38403	38801	37949	37137	35675	35868	34690	32900	31062	30215	30109	28520	28555	30994	31852	32446	32257	31963	31464	32451	32922
1	54	37187	38077	39028	39428	39190	39932	38259	38658	37814	37006	35551	35745	34573	32789	30957	30113	30007	28424	28458	30891	31749	32342	32155	31862	31365	32348
1	55	36592	36999	37887	38839	39245	39012	39756	38097	38496	37660	36857	35409	35604	34439	32663	30837	29996	29891	28315	28348	30773	31631	32222	32036	31745	31251
1	56	35552	36389	36798	37686	38640	39052	38827	39571	37926	38325	37496	36699	35260	35455	34297	32530	30710	29872	29767	28198	28231	30648	31505	32094	31910	31620
1	57	34895	35345	36182	36597	37487	38443	38861	38642	39387	37754	38154	37332	36543	35111	35306	34156	32397	30584	29749	29645	28081	28115	30523	31379	31966	31783
1	58	33754	34667	35123	35963	36382	37276	38234	38655	38441	39188	37568	37968	37154	36371	34950	35143	33999	32251	30446	29614	29511	27955	27987	30385	31239	31825
1	59	32194	33496	34415	34875	35716	36140	37036	37995	38419	38211	38958	37354	37753	36947	36170	34759	34952	33816	32079	30283	29453	29352	27805	27836	30221	31074
1	60	31896	31922	33225	34145	34611	35453	35882	36778	37737	38165	37963	38711	37121	37520	36724	35952	34552	34743	33616	31891	30105	29278	29178	27640	27670	30041
1	61	31236	31599	31640	32941	33861	34335	35177	35610	36505	37464	37894	37699	38445	36872	37270	36483	35718	34328	34518	33401	31687	29912	29090	28990	27461	27490
1	62	30105	30914	31290	31341	32638	33559	34037	34878	35316	36208	37167	37599	37411	38154	36598	36995	36217	35459	34081	34271	33163	31461	29698	28881	28781	27264
1	63	30290	29762	30579	30963	31024	32317	33238	33720	34562	35002	35891	36848	37282	37100	37842	36302	36697	35929	35179	33812	34001	32904	31215	29465	28652	28553
1	64	30600	29915	29412	30232	30621	30692	31981	32902	33387	34227	34669	35556	36510	36945	36769	37508	35987	36380	35620	34879	33526	33712	32627	30951	29215	28407
1	65	31190	30187	29534	29049	29868	30265	30344	31628	32548	33034	33872	34317	35200	36151	36587	36418	37153	35650	36040	35290	34557	33218	33402	32328	30667	28945
1	66	31986	30712	29749	29118	28650	29470	29872	29960	31238	32153	32642	33476	33922	34802	35749	36184	36021	36753	35267	35655	34916	34190	32866	33049	31987	30342
1	67	34396	31431	30210	29276	28667	28217	29035	29442	29538	30807	31717	32207	33036	33485	34360	35300	35734	35577	36303	34837	35223	34494	33778	32469	32649	31600
1	68	26017	33729	30860	29675	28771	28185	27754	28569	28980	29083	30342	31246	31735	32556	33004	33873	34804	35235	35086	35804	34361	34743	34025	33318	32027	32205
1	69	24005	25452	33047	30254	29106	28233	27671	27257	28069	28483	28595	29841	30734	31219	32034	32480	33340	34261	34689	34545	35255	33836	34214	33507	32812	31541
1	70	24560	23429	24881	32329	29613	28505	27663	27124	26729	27537	27953	28071	29300	30180	30663	31470	31914	32764	33674	34098	33959	34659	33266	33639	32944	32260
1	71	22961	23908	22845	24278	31569	28934	27866	27056	26541	26166	26967	27385	27508	28717	29587	30067	30864	31306	32143	33041	33460	33326	34014	32648	33015	32332
1	72	20722	22284	23247	22229	23641	30764	28212	27186	26409	25919	25563	26357	26775	26903	28093	28951	29428	30212	30650	31474	32357	32770	32640	33315	31977	32336
1	73	18871	20051	21608	22560	21586	22974	29920	27453	26469	25726	25260	24924	25708	26125	26257	27426	28271	28744	29513	29947	30755	31621	32027	31901	32562	31254
1	74	19059	18211	19393	20918	21856	20927	22288	29049	26670	25727	25018	24576	24260	25032	25447	25583	26729	27559	28025	28779	29207	29999	30846	31244	31120	31767
1	75	18503	18323	17551	18707	20196	21117	20236	21567	28132	25841	24940	24266	23848	23551	24311	24722	24862	25982	26795	27252	27990	28409	29183	30007	30395	30275
1	76	17736	17722	17598	16871	17998	19448	20351	19517	20815	27170	24974	24116	23477	23081	22802	23549	23954	24096	25188	25981	26430	27149	27559	28311	29112	29488
1	77	16146	16922	16962	16860	16178	17274	18682	19565	18777	20041	26177	24075	23260	22656	22284	22024	22754	23151	23294	24356	25127	25565	26264	26663	27391	28168
1	78	15326	15328	16122	16178	16096	15460	16522	17885	18745	18004	19230	25134	23130	22359	21789	21441	21200	21910	22300	22443	23469	24217	24641	25316	25702	26404
1	79	14229	14464	14522	15294	15364	15303	14712	15736	17049	17886	17191	18375	24035	22130	21404	20869	20544	20321	21009	21388	21530	22519	23239	23647	24297	24667
1	80	12878	13341	13620	13695	14443	14526	14483	13937	14921	16180	16988	16340	17479	22880	21079	20397	19896	19594	19389	20052	20419	20558	21507	22197	22587	23209
1	81	11713	11988	12482	12764	12854	13574	13669	13642	13141	14082	15284	16060	15461	16550	21680	19985	19349	18883	18603	18414	19049	19403	19537	20442	21100	21471
1	82	10938	10813	11128	11609	11893	11996	12686	12789	12779	12322	13217	14358	15099	14547	15583	20428	18842	18252	17819	17562	17389	17993	18330	18459	19316	19938
1	83	9747	9998	9945	10257	10722	11006	11120	11775	11886	11889	11476	12323	13398	14102	13597	14576	19123	17648	17104	16706	16470	16312	16882	17200	17322	18127
1	84	8348	8813	9104	9077	9383	9829	10110	10232	10850	10967	10982	10611	11406	12413	13076	12617	13536	17770	16410	15912	15547	15330	15188	15721	16018	16132
1	85	7278	7460	7936	8220	8216	8514	8939	9213	9341	9920	10041	10067	9736	10477	11411	12032	11619	12474	16384	15140	14686	14353	14156	14027	14521	14796
1	86	6022	6417	6633	7075	7350	7366	7653	8054	8320	8451	8989	9111	9145	8854	9537	10396	10971	10603	11390	14969	13841	13432	13131	12952	12835	13288
1	87	5219	5231	5628	5834	6241	6503	6535	6809	7185	7438	7570	8065	8185	8225	7973	8596	9379	9906	9581	10298	13540	12527	12160	11890	11729	11624
1	88	4448	4467	4523	4881	5076	5446	5692	5739	5997	6344	6583	6713	7164	7281	7324	7108	7671	8377	8854	8569	9215	12120	11219	10893	10652	10508
1	89	3623	3748	3806	3866	4183	4366	4699	4928	4983	5223	5541	5764	5889	6294	6406	6452	6268	6770	7400	7826	7580	8153	10728	9935	9648	9434
1	90	3053	2999	3140	3199	3260	3539	3706	4002	4211	4273	4493	4779	4984	5102	5462	5567	5613	5458	5901	6455	6831	6620	7123	9376	8684	8433
1	91	2249	2474	2464	2588	2645	2705	2947	3097	3356	3545	3610	3808	4062	4247	4357	4672	4768	4813	4684	5068	5548	5874	5695	6130	8070	7475
1	92	1866	1780	1988	1986	2093	2147	2203	2410	2542	2765	2933	2998	3173	3395	3559	3659	3930	4016	4058	3953	4280	4688	4966	4816	5185	6826
1	93	1401	1439	1396	1564	1568	1658	1707	1758	1931	2046	2234	2380	2443	2595	2785	2928	3017	3246	3321	3359	3275	3548	3888	4120	3996	4302
1	94	985	1050	1099	1069	1202	1210	1284	1327	1372	1514	1611	1767	1891	1949	2079	2238	2360	2437	2627	2691	2724	2657	2880	3158	3347	3246
1	95	487	716	779	818	798	901	910	970	1006	1045	1158	1238	1365	1468	1520	1628	1758	1860	1925	2078	2131	2159	2107	2285	2506	2656
1	96	324	343	516	563	593	580	657	667	714	743	776	864	928	1029	1112	1157	1245	1349	1431	1485	1605	1648	1671	1631	1769	1941
1	97	235	221	240	362	396	418	410	467	476	512	535	561	628	678	756	822	859	929	1010	1075	1118	1210	1243	1261	1231	1336
1	98	140	155	150	163	246	270	286	282	322	330	356	374	394	444	482	540	591	621	674	736	786	819	888	913	926	904
1	99	105	89	101	98	107	162	178	190	188	215	221	240	253	268	304	332	374	412	436	475	521	558	583	633	651	660
1	100	65	64	56	64	62	68	103	113	121	121	139	143	156	165	176	201	221	251	278	296	324	357	383	401	436	449
1	101	34	38	38	34	39	38	41	63	69	74	74	86	89	97	104	111	128	141	162	180	193	213	235	253	266	289
1	102	18	19	22	22	20	23	22	24	37	40	43	44	51	53	58	62	67	78	86	100	112	121	134	149	161	169
1	103	10	9	10	12	12	11	13	12	13	21	22	24	25	29	30	33	35	39	45	50	59	67	72	81	90	98
1	104	4	5	5	5	6	6	6	7	6	7	11	12	13	13	16	16	18	19	21	25	28	33	38	41	47	52
1	105 - 109	2	3	3	3	3	4	4	4	4	4	4	6	8	11	11	12	13	15	17	19	21	24	29	33	37	44
1	110 and over	0	0	0	0	0	0	0	0	0	0	0	0	0	0	0	0	0	0	0	0	0	0	0	0	0	0
2	0	27384	27213	26349	25673	25375	25213	25050	24884	24708	24547	24411	24294	24172	23988	23746	23480	23227	22987	22771	22581	22418	22289	22194	22128	22083	22047
2	1	28115	27533	27304	26442	25764	25467	25306	25146	24980	24804	24642	24506	24388	24266	24083	23839	23573	23320	23080	22863	22673	22509	22380	22285	22219	22174
2	2	28804	28233	27588	27362	26500	25821	25525	25366	25206	25041	24865	24703	24566	24447	24325	24141	23897	23631	23377	23138	22920	22730	22565	22437	22341	22274
2	3	29823	28907	28280	27637	27411	26549	25871	25576	25415	25255	25090	24914	24752	24614	24495	24373	24190	23945	23679	23425	23186	22966	22777	22611	22483	22387
2	4	28590	29911	28944	28318	27675	27452	26589	25912	25617	25455	25294	25129	24953	24792	24653	24534	24412	24229	23984	23718	23463	23223	23002	22814	22647	22519
2	5	29424	28666	29942	28977	28352	27708	27486	26624	25946	25652	25489	25327	25161	24987	24824	24685	24566	24444	24261	24017	23750	23496	23255	23034	22847	22679
2	6	29276	29489	28692	29969	29005	28380	27736	27515	26652	25974	25680	25516	25354	25189	25014	24851	24713	24594	24471	24288	24044	23776	23522	23282	23060	22872
2	7	27994	29326	29507	28710	29989	29026	28401	27757	27536	26672	25994	25700	25536	25374	25209	25034	24871	24733	24614	24491	24308	24063	23796	23542	23302	23079
2	8	27547	28038	29341	29525	28728	30007	29046	28421	27774	27556	26690	26013	25719	25554	25392	25226	25051	24888	24750	24631	24508	24325	24080	23812	23558	23319
2	9	27107	27585	28049	29355	29540	28743	30023	29063	28436	27791	27573	26707	26029	25735	25569	25407	25241	25065	24902	24764	24645	24522	24340	24094	23826	23572
2	10	26496	27142	27595	28060	29368	29551	28755	30036	29076	28450	27805	27586	26721	26042	25746	25581	25419	25253	25078	24915	24776	24658	24535	24351	24105	23838
2	11	26013	26527	27148	27604	28069	29376	29561	28765	30046	29086	28461	27816	27597	26732	26052	25757	25591	25429	25264	25088	24925	24786	24668	24545	24361	24115
2	12	25884	26038	26530	27151	27609	28075	29382	29567	28772	30053	29094	28469	27823	27603	26737	26059	25764	25598	25436	25271	25095	24931	24792	24674	24552	24368
2	13	27062	25907	26036	26529	27149	27610	28075	29383	29568	28773	30055	29095	28471	27824	27604	26738	26060	25764	25599	25437	25271	25096	24932	24792	24675	24552
2	14	27349	27088	25908	26037	26530	27151	27613	28079	29387	29572	28778	30060	29101	28477	27829	27608	26741	26065	25768	25604	25441	25275	25101	24935	24796	24679
2	15	28545	27387	27099	25921	26050	26544	27166	27629	28095	29403	29588	28795	30077	29118	28493	27844	27623	26757	26080	25784	25619	25456	25290	25115	24950	24811
2	16	29163	28592	27405	27118	25941	26070	26564	27187	27650	28117	29426	29613	28818	30100	29142	28516	27867	27645	26778	26103	25807	25642	25479	25313	25138	24973
2	17	30251	29267	28655	27467	27181	26005	26132	26626	27251	27715	28183	29494	29683	28888	30169	29213	28586	27935	27711	26845	26168	25873	25706	25543	25378	25202
2	18	30968	30732	29658	29039	27847	27554	26375	26494	26989	27620	28091	28565	29880	30081	29286	30563	29616	28980	28323	28094	27225	26541	26240	26070	25907	25740
2	19	33033	32003	31596	30516	29880	28677	28370	27181	27289	27789	28431	28913	29395	30728	30945	30149	31426	30486	29834	29166	28926	28048	27349	27037	26863	26697
2	20	34563	34146	32886	32476	31385	30742	29526	29211	28008	28111	28618	29268	29759	30249	31601	31828	31024	32312	31366	30704	30023	29777	28889	28176	27858	27679
2	21	35723	35401	34726	33465	33055	31966	31321	30102	29783	28574	28676	29184	29838	30333	30827	32187	32418	31610	32903	31954	31288	30603	30355	29461	28743	28420
2	22	38871	36379	35759	35092	33832	33431	32346	31706	30487	30168	28957	29060	29570	30223	30720	31213	32577	32806	31997	33292	32340	31674	30989	30741	29846	29127
2	23	38606	39165	36346	35753	35093	33849	33460	32386	31755	30541	30229	29021	29133	29642	30289	30783	31272	32629	32850	32041	33338	32381	31721	31042	30798	29906
2	24	36646	38521	38757	35965	35397	34753	33528	33156	32091	31471	30268	29966	28768	28887	29391	30031	30516	30998	32345	32555	31750	33042	32084	31434	30764	30525
2	25	35995	36563	38154	38394	35623	35075	34442	33234	32867	31810	31198	30004	29707	28520	28640	29139	29775	30252	30730	32067	32273	31471	32758	31800	31158	30495
2	26	36648	36010	36347	37940	38178	35423	34887	34262	33059	32697	31643	31035	29847	29553	28371	28493	28988	29621	30096	30570	31903	32106	31306	32589	31631	30995
2	27	35933	36703	35867	36211	37801	38045	35300	34772	34147	32948	32589	31539	30932	29749	29456	28277	28401	28893	29525	29997	30469	31800	32001	31201	32483	31525
2	28	35421	36012	36608	35778	36123	37717	37962	35227	34700	34077	32881	32523	31475	30870	29687	29396	28220	28345	28835	29466	29937	30407	31737	31938	31137	32418
2	29	35683	35493	35936	36534	35707	36057	37652	37900	35169	34642	34020	32827	32468	31424	30818	29636	29346	28172	28296	28786	29416	29887	30355	31684	31885	31085
2	30	34586	35755	35435	35882	36480	35659	36010	37607	37855	35127	34599	33978	32786	32428	31384	30779	29599	29308	28134	28259	28747	29378	29847	30316	31644	31845
2	31	35202	34664	35722	35407	35854	36456	35638	35991	37588	37837	35109	34581	33959	32767	32409	31365	30761	29582	29289	28116	28240	28729	29359	29828	30297	31625
2	32	35934	35275	34641	35702	35389	35839	36443	35627	35981	37578	37829	35099	34571	33948	32756	32398	31354	30750	29569	29276	28104	28227	28714	29346	29816	30285
2	33	35334	35991	35252	34618	35679	35370	35821	36429	35612	35966	37564	37815	35086	34555	33933	32741	32383	31338	30734	29553	29259	28088	28209	28697	29330	29799
2	34	34655	35389	35976	35238	34603	35667	35361	35813	36422	35605	35958	37558	37808	35079	34547	33924	32732	32374	31329	30723	29543	29248	28077	28197	28685	29319
2	35	33126	34723	35395	35984	35248	34615	35679	35374	35827	36436	35621	35972	37574	37824	35096	34561	33938	32746	32386	31341	30733	29554	29258	28086	28205	28693
2	36	31341	33186	34728	35404	35994	35260	34628	35692	35388	35841	36449	35636	35986	37588	37839	35111	34573	33951	32758	32397	31352	30743	29563	29268	28095	28214
2	37	30293	31380	33176	34720	35398	35990	35257	34627	35689	35387	35837	36447	35634	35984	37585	37837	35110	34571	33948	32755	32394	31349	30739	29559	29264	28090
2	38	32403	30321	31361	33160	34705	35384	35978	35247	34614	35677	35375	35825	36434	35623	35973	37572	37825	35100	34560	33936	32744	32383	31337	30726	29547	29252
2	39	33020	32419	30298	31337	33136	34683	35364	35959	35227	34594	35657	35355	35804	36414	35605	35953	37551	37804	35082	34542	33916	32726	32363	31318	30707	29528
2	40	33179	33030	32393	30274	31312	33111	34660	35342	35936	35206	34572	35634	35333	35782	36391	35583	35931	37527	37781	35061	34521	33894	32706	32341	31296	30685
2	41	35381	33195	33010	32375	30258	31296	33095	34645	35329	35922	35193	34559	35620	35320	35769	36376	35570	35918	37513	37768	35049	34508	33881	32694	32327	31284
2	42	38075	35390	33175	32990	32355	30240	31278	33078	34628	35314	35907	35178	34545	35604	35307	35754	36361	35557	35905	37499	37754	35037	34494	33867	32681	32314
2	43	39781	38073	35362	33149	32963	32331	30218	31254	33053	34604	35291	35884	35156	34524	35581	35286	35732	36340	35537	35885	37477	37732	35019	34475	33847	32663
2	44	39213	39771	38041	35332	33120	32937	32306	30195	31229	33028	34578	35267	35861	35134	34502	35558	35265	35709	36318	35515	35863	37454	37709	34998	34454	33826
2	45	40706	39198	39732	38006	35299	33091	32907	32277	30169	31201	32999	34550	35240	35834	35109	34476	35531	35238	35684	36292	35490	35838	37428	37683	34975	34430
2	46	41544	40687	39161	39695	37972	35269	33064	32879	32249	30144	31175	32971	34523	35214	35808	35084	34452	35505	35214	35659	36268	35467	35814	37402	37659	34953
2	47	41388	41510	40639	39114	39648	37928	35230	33028	32843	32214	30111	31139	32935	34487	35179	35773	35051	34419	35471	35180	35625	36235	35434	35781	37367	37625
2	48	41419	41346	41452	40584	39062	39597	37880	35187	32987	32802	32174	30074	31098	32893	34448	35140	35735	35013	34382	35433	35143	35586	36197	35396	35742	37326
2	49	42736	41372	41283	41391	40526	39009	39543	37831	35143	32944	32759	32133	30035	31058	32852	34407	35099	35693	34974	34343	35392	35104	35546	36157	35357	35701
2	50	42569	42676	41303	41214	41325	40464	38950	39485	37778	35093	32898	32712	32088	29994	31014	32807	34361	35053	35647	34930	34298	35346	35060	35502	36112	35314
2	51	42219	42503	42600	41233	41146	41259	40402	38892	39426	37724	35043	32851	32665	32042	29951	30968	32760	34313	35006	35600	34885	34254	35300	35014	35456	36065
2	52	40847	42149	42426	42524	41164	41077	41192	40338	38832	39367	37670	34993	32804	32617	31995	29908	30923	32713	34266	34959	35552	34839	34208	35253	34969	35409
2	53	40041	40758	42048	42328	42429	41074	40990	41106	40255	38754	39289	37597	34926	32740	32553	31933	29850	30864	32650	34200	34895	35486	34776	34145	35189	34905
2	54	38522	39924	40633	41922	42206	42310	40960	40878	40996	40149	38652	39187	37500	34837	32656	32468	31849	29773	30783	32566	34115	34809	35398	34691	34061	35101
2	55	38639	38401	39791	40503	41791	42076	42184	40840	40759	40879	40037	38542	39077	37396	34743	32566	32378	31762	29692	30697	32477	34024	34716	35303	34600	33970
2	56	37488	38506	38268	39656	40368	41656	41943	42053	40716	40636	40758	39919	38430	38963	37289	34645	32474	32286	31673	29608	30608	32385	33928	34619	35204	34505
2	57	36344	37343	38356	38123	39508	40222	41508	41798	41911	40581	40502	40625	39790	38306	38838	37171	34536	32370	32183	31573	29516	30511	32283	33821	34511	35094
2	58	35232	36179	37172	38186	37958	39340	40054	41338	41630	41745	40421	40344	40468	39636	38161	38692	37031	34406	32249	32062	31454	29404	30395	32163	33694	34382
2	59	33918	35052	35996	36989	38000	37777	39157	39870	41151	41446	41561	40246	40171	40296	39468	38001	38530	36876	34263	32115	31928	31322	29281	30267	32028	33553
2	60	33317	33740	34870	35813	36805	37816	37599	38974	39687	40965	41261	41378	40072	39998	40124	39301	37842	38368	36721	34120	31981	31795	31190	29158	30139	31893
2	61	32805	33129	33553	34680	35622	36615	37625	37412	38782	39495	40769	41066	41185	39887	39815	39941	39124	37672	38196	36558	33968	31840	31652	31050	29027	30002
2	62	31633	32593	32918	33345	34468	35411	36402	37410	37203	38567	39279	40549	40847	40968	39678	39607	39734	38922	37478	38001	36371	33795	31677	31488	30890	28876
2	63	32033	31402	32360	32688	33117	34237	35177	36167	37173	36971	38328	39039	40304	40603	40725	39445	39376	39503	38696	37262	37781	36162	33601	31494	31305	30711
2	64	31886	31763	31146	32101	32432	32862	33979	34917	35903	36907	36708	38060	38769	40027	40326	40450	39180	39112	39240	38440	37015	37530	35922	33378	31284	31095
2	65	32839	31583	31471	30865	31817	32151	32583	33694	34629	35611	36611	36417	37761	38466	39718	40016	40141	38883	38816	38944	38151	36737	37248	35652	33127	31047
2	66	33885	32494	31262	31157	30564	31512	31848	32280	33386	34316	35294	36288	36101	37437	38138	39382	39680	39805	38558	38493	38622	37835	36433	36940	35357	32851
2	67	36794	33486	32127	30916	30818	30236	31181	31518	31951	33050	33975	34948	35937	35753	37078	37775	39011	39308	39434	38199	38135	38265	37485	36096	36599	35029
2	68	27792	36315	33074	31739	30549	30459	29888	30828	31167	31599	32692	33610	34576	35556	35377	36691	37383	38609	38904	39030	37809	37746	37876	37104	35729	36227
2	69	26619	27390	35817	32629	31319	30150	30068	29510	30445	30784	31216	32300	33209	34166	35137	34963	36265	36951	38165	38458	38585	37378	37317	37446	36683	35323
2	70	26897	26189	26968	35278	32147	30863	29718	29642	29099	30025	30366	30797	31868	32767	33715	34677	34508	35796	36476	37676	37966	38093	36901	36841	36969	36216
2	71	26363	26411	25739	26514	34697	31627	30370	29250	29182	28653	29571	29912	30340	31397	32287	33225	34176	34012	35285	35957	37142	37429	37555	36380	36321	36448
2	72	24343	25834	25907	25255	26024	34069	31062	29835	28743	28681	28167	29076	29417	29842	30886	31765	32692	33630	33471	34726	35388	36556	36841	36965	35809	35751
2	73	22743	23810	25296	25377	24747	25507	33404	30467	29272	28206	28153	27654	28551	28891	29313	30343	31209	32124	33048	32894	34129	34782	35930	36212	36334	35198
2	74	23112	22196	23268	24730	24816	24208	24961	32701	29837	28672	27635	27590	27106	27990	28329	28747	29761	30615	31516	32425	32276	33489	34132	35258	35536	35655
2	75	22457	22496	21637	22691	24125	24216	23632	24375	31944	29155	28025	27018	26980	26512	27382	27719	28132	29128	29967	30852	31744	31600	32789	33419	34522	34795
2	76	21792	21796	21869	21043	22077	23480	23577	23018	23749	31134	28426	27332	26356	26325	25874	26728	27062	27469	28445	29267	30134	31007	30868	32031	32647	33726
2	77	21038	21079	21123	21205	20413	21424	22796	22899	22364	23082	30270	27647	26589	25647	25623	25189	26025	26354	26754	27709	28512	29359	30211	30077	31211	31811
2	78	20145	20269	20353	20408	20499	19741	20729	22066	22173	21663	22367	29343	26809	25790	24881	24864	24447	25264	25588	25978	26909	27691	28516	29345	29216	30317
2	79	19033	19315	19485	19578	19643	19743	19022	19982	21280	21391	20908	21595	28341	25902	24924	24051	24040	23642	24437	24754	25134	26038	26796	27596	28399	28274
2	80	17699	18149	18470	18649	18751	18827	18934	18252	19181	20436	20552	20095	20764	27261	24923	23988	23155	23149	22769	23539	23848	24217	25090	25822	26593	27367
2	81	16503	16776	17258	17581	17767	17879	17963	18077	17434	18331	19539	19658	19229	19876	26107	23877	22988	22194	22193	21831	22574	22873	23228	24067	24770	25511
2	82	16231	15537	15851	16325	16649	16841	16962	17053	17173	16570	17431	18588	18710	18308	18931	24877	22760	21920	21166	21170	20828	21540	21827	22168	22969	23640
2	83	14848	15161	14573	14885	15349	15672	15869	15997	16095	16219	15658	16480	17582	17705	17332	17928	23569	21570	20778	20068	20076	19754	20433	20706	21031	21791
2	84	13550	13747	14100	13572	13881	14332	14651	14852	14986	15088	15216	14698	15477	16520	16643	16299	16867	22182	20306	19565	18901	18911	18610	19252	19510	19817
2	85	12133	12417	12663	13009	12540	12844	13279	13593	13796	13933	14040	14170	13695	14428	15410	15531	15216	15752	20724	18976	18287	17670	17682	17402	18003	18244
2	86	10618	10999	11320	11563	11899	11488	11786	12203	12510	12712	12851	12960	13090	12660	13344	14259	14379	14093	14594	19206	17592	16956	16386	16399	16140	16698
2	87	9633	9501	9904	10210	10448	10772	10419	10707	11104	11400	11599	11739	11848	11976	11591	12224	13067	13183	12925	13390	17628	16150	15568	15046	15059	14821
2	88	8655	8496	8439	8812	9101	9331	9639	9340	9616	9992	10273	10467	10606	10713	10837	10496	11074	11843	11955	11724	12150	16002	14663	14136	13662	13675
2	89	7204	7516	7437	7399	7741	8011	8231	8521	8275	8536	8886	9151	9338	9472	9577	9695	9395	9918	10613	10717	10514	10899	14358	13159	12687	12262
2	90	6310	6152	6476	6418	6397	6706	6955	7163	7433	7235	7480	7802	8048	8225	8353	8453	8564	8304	8770	9389	9484	9307	9651	12717	11655	11237
2	91	5270	5293	5213	5497	5457	5449	5725	5952	6145	6393	6239	6465	6757	6983	7148	7267	7361	7463	7241	7651	8194	8279	8127	8428	11107	10180
2	92	4499	4331	4399	4341	4585	4560	4563	4805	5009	5186	5410	5294	5500	5761	5965	6116	6225	6311	6403	6216	6571	7040	7114	6985	7244	9548
2	93	3768	3607	3517	3579	3540	3746	3733	3744	3952	4132	4291	4490	4407	4591	4820	5001	5136	5234	5311	5392	5237	5539	5936	5999	5891	6110
2	94	3055	2940	2855	2790	2846	2821	2991	2987	3004	3180	3335	3475	3648	3593	3753	3951	4108	4226	4312	4379	4449	4323	4574	4903	4955	4866
2	95	1627	2316	2265	2204	2159	2207	2193	2331	2333	2352	2498	2629	2749	2897	2863	3000	3167	3301	3402	3475	3532	3590	3490	3693	3960	4002
2	96	1165	1196	1733	1699	1657	1627	1667	1661	1769	1775	1795	1913	2021	2122	2245	2227	2342	2479	2591	2675	2735	2782	2829	2751	2912	3122
2	97	918	829	868	1261	1239	1212	1193	1225	1224	1307	1315	1334	1427	1513	1596	1696	1689	1783	1893	1984	2052	2100	2138	2174	2115	2239
2	98	688	631	583	612	891	878	861	850	875	876	938	947	964	1035	1102	1168	1247	1248	1322	1408	1480	1533	1571	1600	1628	1583
2	99	479	457	429	398	418	611	603	593	587	606	608	653	662	676	729	780	831	891	896	953	1019	1074	1114	1143	1165	1185
2	100	326	306	300	282	263	276	405	401	395	392	406	409	440	448	459	497	535	573	618	625	667	716	757	786	807	823
2	101	197	200	194	190	179	168	177	260	258	255	254	263	266	287	293	302	328	356	383	416	423	453	488	517	538	553
2	102	110	117	123	119	117	111	104	110	162	161	160	159	165	168	182	186	193	210	230	249	272	278	299	323	344	358
2	103	69	62	69	72	70	69	66	62	65	97	96	96	96	99	102	110	113	118	129	142	155	171	176	190	206	220
2	104	38	37	34	38	40	39	39	37	35	37	55	55	55	55	57	59	63	65	69	76	84	92	102	106	115	125
2	105 - 109	45	39	39	36	37	38	40	40	39	37	38	48	53	55	57	59	61	66	68	72	78	86	96	108	116	128
2	110 and over	0	0	0	0	0	0	0	0	0	0	0	0	0	0	0	0	0	0	1	1	1	1	1	1	1	1
