Sex	Age	2014	2015	2016	2017	2018	2019	2020	2021	2022	2023	2024	2025	2026	2027	2028	2029	2030	2031	2032	2033	2034	2035	2036	2037	2038	2039
1	0	28913	28639	28601	28552	28845	29216	29560	29868	30139	30365	30554	30718	30823	30872	30890	30868	30817	30761	30711	30676	30640	30604	30593	30619	30675	30758
1	1	29337	29127	28847	28810	28763	29058	29431	29778	30086	30359	30585	30775	30941	31046	31096	31114	31092	31042	30986	30935	30900	30866	30829	30818	30844	30900
1	2	30424	29514	29297	29019	28982	28938	29234	29610	29958	30267	30540	30768	30958	31125	31230	31279	31299	31275	31225	31169	31118	31083	31048	31012	31001	31028
1	3	31184	30560	29642	29427	29150	29114	29072	29370	29746	30094	30404	30677	30907	31097	31264	31368	31417	31437	31413	31364	31308	31257	31221	31186	31150	31139
1	4	29656	31294	30666	29751	29535	29260	29226	29185	29483	29860	30208	30518	30791	31023	31213	31380	31484	31534	31553	31529	31481	31424	31373	31338	31302	31266
1	5	30352	29758	31391	30766	29850	29637	29363	29331	29290	29587	29965	30314	30624	30897	31130	31320	31487	31591	31641	31660	31636	31588	31531	31479	31444	31408
1	6	30378	30444	29847	31481	30856	29943	29730	29456	29424	29383	29681	30059	30408	30719	30992	31226	31415	31583	31687	31738	31757	31733	31684	31628	31576	31540
1	7	29262	30459	30524	29928	31563	30940	30027	29815	29541	29509	29468	29766	30144	30493	30804	31078	31312	31501	31670	31774	31825	31844	31820	31771	31715	31662
1	8	28610	29328	30524	30591	29995	31632	31010	30097	29886	29612	29578	29537	29835	30215	30564	30874	31149	31382	31572	31741	31845	31896	31915	31892	31842	31786
1	9	28635	28671	29387	30585	30653	30058	31695	31074	30161	29949	29674	29640	29599	29898	30279	30628	30937	31213	31445	31636	31806	31910	31961	31980	31957	31908
1	10	28184	28700	28735	29452	30653	30722	30128	31764	31144	30229	30017	29742	29708	29667	29966	30347	30696	31006	31282	31514	31705	31875	31980	32031	32051	32028
1	11	27029	28252	28765	28802	29519	30723	30794	30199	31836	31217	30301	30087	29812	29778	29737	30037	30418	30766	31077	31354	31586	31777	31947	32052	32103	32124
1	12	26889	27082	28303	28818	28856	29574	30779	30850	30255	31893	31275	30358	30144	29868	29835	29794	30094	30474	30823	31134	31411	31643	31834	32004	32109	32161
1	13	27929	26947	27135	28358	28873	28913	29631	30837	30908	30313	31951	31333	30417	30203	29927	29894	29853	30153	30534	30882	31193	31471	31702	31893	32063	32169
1	14	29027	27999	27014	27203	28427	28944	28985	29703	30910	30981	30385	32024	31407	30489	30275	29999	29966	29925	30225	30606	30955	31266	31545	31776	31967	32138
1	15	30060	29096	28065	27081	27269	28496	29014	29055	29772	30981	31052	30455	32095	31477	30559	30345	30069	30036	29996	30295	30677	31026	31338	31617	31848	32038
1	16	30657	30139	29172	28141	27158	27347	28575	29093	29134	29852	31061	31133	30535	32174	31557	30640	30426	30150	30116	30076	30375	30757	31107	31419	31698	31929
1	17	31830	30786	30263	29298	28266	27284	27474	28703	29221	29263	29981	31191	31266	30667	32307	31691	30773	30558	30283	30248	30208	30507	30890	31240	31553	31833
1	18	32612	32221	31160	30634	29668	28634	27648	27837	29068	29592	29637	30356	31570	31650	31051	32691	32082	31160	30941	30665	30629	30589	30889	31273	31625	31940
1	19	33734	33426	33002	31937	31403	30434	29392	28397	28581	29818	30353	30404	31125	32352	32440	31839	33482	32881	31952	31726	31448	31411	31370	31671	32059	32415
1	20	35028	34690	34340	33918	32847	32312	31335	30286	29279	29460	30707	31251	31305	32032	33272	33368	32762	34413	33814	32878	32647	32365	32328	32286	32588	32981
1	21	35258	35851	35475	35128	34707	33638	33101	32124	31068	30055	30234	31489	32037	32093	32824	34073	34170	33563	35217	34622	33680	33448	33163	33125	33083	33388
1	22	37784	36017	36570	36200	35855	35441	34373	33840	32860	31803	30787	30966	32224	32774	32831	33565	34817	34916	34308	35965	35371	34428	34194	33908	33870	33828
1	23	38453	38430	36621	37186	36818	36483	36075	35013	34483	33503	32448	31433	31615	32874	33422	33479	34213	35464	35562	34953	36613	36015	35074	34841	34556	34519
1	24	36695	38845	38786	36990	37562	37203	36877	36476	35420	34894	33918	32869	31860	32044	33300	33843	33898	34631	35877	35972	35364	37021	36421	35484	35255	34970
1	25	36179	36966	39088	39035	37251	37832	37480	37161	36763	35711	35189	34217	33175	32172	32356	33609	34148	34201	34933	36174	36266	35659	37312	36712	35779	35553
1	26	36253	36444	37215	39339	39287	37517	38105	37758	37440	37046	35996	35478	34508	33470	32471	32657	33907	34444	34496	35226	36463	36556	35949	37600	36998	36069
1	27	34898	36505	36684	37461	39582	39537	37777	38370	38023	37707	37314	36268	35752	34785	33750	32755	32940	34190	34725	34776	35505	36739	36832	36226	37874	37272
1	28	34875	35125	36721	36907	37685	39810	39770	38018	38610	38264	37950	37559	36514	36000	35036	34004	33010	33197	34444	34979	35030	35758	36990	37084	36477	38124
1	29	34277	35055	35300	36900	37088	37871	39997	39961	38213	38805	38461	38148	37758	36715	36202	35240	34211	33219	33407	34653	35186	35237	35964	37197	37289	36685
1	30	33152	34449	35221	35470	37071	37265	38050	40177	40141	38396	38989	38645	38334	37946	36904	36393	35432	34406	33415	33604	34850	35380	35433	36160	37391	37483
1	31	33589	33314	34604	35381	35631	37234	37433	38219	40344	40310	38568	39160	38817	38507	38119	37080	36570	35611	34586	33597	33785	35031	35561	35615	36341	37570
1	32	33800	33708	33431	34725	35502	35756	37361	37562	38346	40470	40436	38696	39289	38946	38637	38250	37212	36704	35747	34723	33736	33925	35170	35700	35755	36479
1	33	33945	33924	33829	33557	34849	35630	35889	37493	37696	38479	40600	40569	38832	39422	39082	38774	38386	37351	36844	35888	34866	33879	34068	35312	35842	35898
1	34	33300	34061	34040	33949	33678	34972	35755	36016	37621	37825	38608	40727	40697	38961	39551	39213	38905	38517	37484	36977	36022	35001	34014	34204	35448	35979
1	35	32397	33389	34150	34133	34043	33776	35070	35856	36117	37721	37926	38707	40825	40797	39064	39652	39315	39008	38622	37590	37083	36129	35110	34124	34313	35557
1	36	29842	32481	33476	34240	34225	34138	33873	35168	35953	36215	37818	38024	38806	40921	40897	39165	39752	39416	39110	38724	37695	37187	36235	35217	34231	34421
1	37	29753	29917	32557	33555	34319	34309	34224	33960	35254	36040	36303	37906	38113	38895	41010	40987	39258	39843	39508	39203	38818	37789	37282	36332	35314	34328
1	38	31344	29804	29972	32610	33610	34378	34370	34286	34023	35316	36102	36367	37969	38177	38959	41074	41053	39326	39910	39575	39271	38887	37860	37353	36404	35386
1	39	31368	31360	29827	29997	32633	33635	34403	34398	34313	34052	35343	36130	36396	37995	38207	38988	41100	41083	39359	39941	39608	39305	38922	37897	37390	36443
1	40	32149	31377	31373	29845	30017	32651	33654	34423	34418	34335	34075	35364	36151	36417	38016	38229	39009	41120	41105	39384	39965	39633	39331	38950	37928	37420
1	41	33967	32164	31398	31395	29870	30042	32673	33680	34449	34447	34364	34105	35391	36179	36448	38044	38259	39038	41148	41137	39419	39999	39668	39367	38987	37967
1	42	35725	33959	32166	31401	31399	29878	30050	32680	33687	34457	34457	34374	34116	35402	36190	36460	38055	38272	39051	41160	41152	39436	40016	39687	39388	39007
1	43	36863	35701	33945	32157	31392	31392	29874	30048	32674	33681	34452	34454	34372	34115	35400	36188	36459	38053	38272	39052	41160	41155	39441	40021	39694	39396
1	44	36585	36838	35688	33937	32151	31387	31388	29875	30049	32672	33680	34452	34457	34375	34120	35404	36193	36464	38057	38279	39058	41166	41165	39453	40032	39708
1	45	37998	36542	36804	35659	33913	32130	31367	31370	29862	30035	32654	33664	34437	34444	34363	34109	35392	36182	36453	38046	38269	39048	41156	41158	39449	40026
1	46	38731	37937	36495	36757	35618	33878	32098	31338	31341	29838	30010	32625	33636	34411	34419	34339	34087	35369	36160	36432	38022	38248	39027	41134	41140	39433
1	47	39506	38661	37881	36445	36707	35574	33839	32064	31306	31309	29809	29982	32594	33606	34382	34393	34313	34064	35344	36135	36407	37999	38224	39005	41110	41119
1	48	38983	39420	38592	37817	36385	36648	35522	33791	32022	31265	31269	29774	29948	32555	33568	34345	34357	34279	34032	35310	36102	36376	37967	38192	38975	41078
1	49	40584	38900	39349	38528	37757	36331	36595	35476	33750	31984	31230	31236	29745	29918	32522	33536	34315	34327	34250	34005	35283	36076	36351	37940	38169	38951
1	50	39732	40502	38839	39289	38474	37709	36289	36554	35439	33719	31958	31205	31212	29725	29899	32499	33516	34296	34309	34234	33992	35268	36062	36337	37926	38157
1	51	39875	39649	40433	38781	39231	38423	37663	36250	36516	35406	33691	31934	31182	31190	29708	29882	32478	33499	34280	34294	34222	33981	35256	36050	36327	37915
1	52	39351	39770	39562	40350	38708	39158	38358	37602	36197	36465	35359	33650	31899	31148	31158	29680	29853	32447	33470	34252	34267	34197	33958	35232	36027	36305
1	53	38243	39218	39658	39456	40247	38615	39066	38274	37524	36126	36395	35295	33593	31845	31098	31109	29637	29809	32400	33424	34206	34223	34156	33919	35191	35986
1	54	37187	38095	39089	39534	39339	40132	38512	38965	38179	37435	36044	36313	35221	33526	31785	31039	31051	29585	29758	32345	33370	34152	34172	34105	33871	35142
1	55	36592	37016	37942	38938	39389	39201	39996	38388	38844	38064	37326	35943	36213	35129	33443	31707	30966	30979	29520	29692	32273	33300	34083	34103	34040	33807
1	56	35552	36404	36850	37779	38776	39233	39052	39849	38255	38711	37940	37208	35833	36104	35028	33350	31622	30884	30899	29446	29617	32193	33221	34005	34027	33965
1	57	34895	35360	36231	36684	37614	38615	39077	38903	39701	38120	38576	37815	37089	35724	35996	34927	33258	31537	30802	30820	29373	29543	32113	33142	33927	33950
1	58	33754	34681	35171	36045	36503	37436	38438	38905	38738	39538	37969	38428	37674	36956	35600	35873	34813	33152	31440	30710	30728	29289	29460	32023	33051	33836
1	59	32194	33509	34459	34954	35830	36294	37229	38231	38703	38543	39343	37790	38250	37506	36795	35448	35723	34672	33021	31320	30594	30615	29182	29355	31909	32937
1	60	31896	31934	33270	34220	34721	35599	36069	37004	38008	38484	38331	39131	37593	38056	37322	36619	35282	35558	34517	32876	31185	30464	30487	29063	29236	31780
1	61	31236	31611	31682	33016	33967	34474	35354	35828	36765	37769	38249	38104	38904	37383	37846	37123	36428	35102	35379	34347	32718	31039	30322	30347	28933	29106
1	62	30105	30924	31330	31411	32741	33693	34205	35088	35565	36503	37506	37991	37854	38653	37151	37613	36901	36214	34901	35180	34158	32540	30875	30162	30190	28786
1	63	30290	29772	30617	31031	31121	32449	33402	33920	34803	35283	36221	37223	37713	37584	38382	36897	37361	36659	35981	34682	34961	33951	32346	30693	29986	30016
1	64	30600	29926	29451	30299	30719	30819	32142	33097	33619	34502	34986	35923	36924	37418	37298	38095	36629	37092	36402	35733	34447	34727	33728	32138	30498	29797
1	65	31190	30198	29574	29116	29966	30393	30502	31820	32776	33301	34184	34671	35607	36607	37106	36994	37791	36343	36806	36128	35468	34197	34478	33491	31916	30289
1	66	31986	30721	29789	29186	28747	29597	30031	30150	31462	32415	32943	33826	34317	35251	36250	36751	36648	37444	36016	36480	35814	35164	33908	34189	33216	31656
1	67	34396	31440	30245	29342	28761	28342	29191	29631	29758	31064	32013	32544	33426	33919	34853	35847	36350	36256	37052	35644	36109	35456	34816	33578	33859	32900
1	68	26017	33737	30896	29737	28863	28306	27905	28754	29198	29335	30632	31578	32109	32986	33482	34413	35402	35906	35821	36614	35230	35695	35055	34428	33208	33490
1	69	24005	25459	33083	30317	29195	28352	27819	27438	28284	28733	28879	30166	31104	31632	32504	33002	33929	34913	35418	35341	36131	34772	35238	34613	33998	32799
1	70	24560	23435	24912	32393	29704	28621	27809	27300	26940	27783	28236	28391	29662	30588	31119	31986	32486	33408	34385	34891	34823	35609	34277	34742	34132	33532
1	71	22961	23913	22874	24332	31662	29052	28010	27231	26748	26409	27247	27703	27865	29120	30039	30571	31432	31934	32849	33819	34326	34267	35048	33745	34208	33613
1	72	20722	22289	23275	22281	23719	30886	28358	27358	26614	26155	25838	26673	27131	27300	28542	29453	29985	30840	31342	32250	33211	33718	33668	34443	33170	33632
1	73	18871	20054	21635	22611	21660	23076	30073	27632	26674	25963	25530	25235	26064	26523	26700	27927	28830	29361	30209	30711	31610	32561	33068	33027	33796	32554
1	74	19059	18215	19418	20967	21931	21025	22416	29234	26882	25967	25291	24883	24610	25432	25893	26077	27287	28181	28711	29550	30053	30942	31882	32388	32356	33118
1	75	18503	18327	17576	18754	20267	21217	20357	21722	28352	26087	25217	24577	24196	23945	24758	25220	25412	26603	27487	28015	28843	29344	30223	31151	31654	31631
1	76	17736	17725	17624	16918	18068	19543	20477	19664	20999	27431	25258	24433	23829	23474	23245	24048	24510	24710	25879	26752	27277	28094	28593	29459	30373	30873
1	77	16146	16926	16986	16906	16244	17365	18801	19718	18952	20255	26481	24403	23622	23055	22726	22519	23311	23772	23978	25124	25984	26505	27310	27806	28659	29559
1	78	15326	15331	16146	16222	16163	15546	16635	18029	18925	18206	19476	25484	23505	22769	22240	21938	21753	22532	22989	23201	24322	25166	25684	26475	26965	27804
1	79	14229	14466	14546	15339	15430	15391	14819	15874	17221	18095	17424	18657	24435	22556	21868	21376	21102	20938	21701	22155	22372	23465	24292	24804	25579	26064
1	80	12878	13343	13645	13741	14510	14615	14595	14068	15087	16384	17234	16611	17803	23340	21565	20924	20469	20222	20079	20825	21274	21496	22560	23367	23872	24629
1	81	11713	11991	12506	12811	12922	13666	13783	13781	13300	14278	15523	16347	15773	16922	22208	20538	19945	19528	19308	19186	19913	20355	20581	21612	22397	22892
1	82	10938	10813	11152	11654	11961	12086	12801	12928	12945	12508	13445	14635	15429	14904	16007	21029	19468	18925	18545	18351	18248	18955	19388	19617	20614	21375
1	83	9747	10001	9968	10304	10791	11097	11233	11919	12054	12087	11694	12587	13718	14480	14005	15058	19804	18356	17861	17517	17350	17267	17951	18374	18603	19563
1	84	8348	8815	9129	9121	9451	9921	10224	10371	11023	11166	11213	10864	11710	12779	13508	13081	14082	18540	17203	16758	16452	16310	16247	16903	17315	17544
1	85	7278	7461	7961	8266	8281	8603	9053	9351	9506	10122	10271	10330	10024	10820	11825	12516	12137	13082	17245	16022	15625	15354	15238	15192	15819	16219
1	86	6022	6417	6654	7121	7415	7451	7762	8190	8481	8641	9219	9372	9441	9176	9920	10860	11511	11178	12064	15924	14815	14463	14229	14136	14107	14703
1	87	5219	5233	5647	5873	6305	6586	6639	6938	7341	7622	7784	8323	8479	8556	8330	9021	9892	10501	10213	11038	14587	13593	13285	13085	13014	13000
1	88	4448	4467	4542	4916	5130	5526	5792	5858	6143	6520	6789	6951	7448	7604	7689	7499	8135	8935	9499	9255	10016	13255	12370	12106	11938	11886
1	89	3623	3748	3822	3898	4233	4432	4793	5042	5117	5385	5734	5988	6148	6604	6756	6846	6690	7269	7998	8518	8313	9010	11940	11162	10938	10800
1	90	3053	2999	3155	3227	3302	3600	3783	4107	4337	4419	4668	4988	5225	5380	5794	5940	6032	5906	6430	7087	7562	7393	8026	10654	9974	9788
1	91	2249	2474	2475	2613	2682	2755	3015	3182	3469	3679	3764	3993	4282	4501	4649	5020	5159	5250	5152	5620	6207	6635	6499	7067	9397	8810
1	92	1866	1780	1998	2006	2125	2190	2259	2483	2632	2883	3072	3158	3365	3623	3822	3961	4289	4419	4508	4433	4847	5364	5746	5639	6143	8182
1	93	1401	1439	1403	1581	1593	1695	1754	1818	2007	2138	2354	2522	2605	2789	3017	3195	3323	3609	3728	3813	3759	4119	4569	4905	4823	5264
1	94	985	1050	1105	1081	1223	1238	1323	1376	1433	1590	1703	1886	2032	2110	2271	2468	2625	2741	2986	3094	3173	3136	3445	3830	4121	4061
1	95	487	716	784	828	813	924	939	1009	1055	1104	1232	1328	1480	1604	1676	1814	1981	2117	2219	2426	2522	2593	2570	2831	3155	3403
1	96	324	343	519	571	605	596	681	695	751	790	831	934	1013	1136	1240	1304	1420	1559	1675	1763	1935	2018	2081	2068	2285	2553
1	97	235	221	242	367	405	431	426	489	502	546	577	611	692	756	854	939	994	1090	1203	1300	1374	1514	1585	1639	1634	1811
1	98	140	155	151	166	252	279	298	296	342	353	386	411	438	500	550	627	695	741	818	909	987	1049	1160	1219	1265	1265
1	99	105	89	102	100	110	168	187	200	200	232	241	266	285	306	352	390	449	502	539	600	671	733	783	870	918	956
1	100	65	64	57	65	64	71	108	121	130	131	153	159	177	191	207	240	269	312	353	382	429	483	531	570	637	674
1	101	34	38	39	35	40	39	44	67	75	81	82	97	101	114	124	135	158	179	210	240	263	297	338	374	404	453
1	102	18	19	22	23	20	23	23	26	40	45	49	50	59	62	71	77	85	101	115	137	158	175	200	229	255	278
1	103	10	9	10	12	13	11	13	13	15	23	26	28	29	34	36	42	46	52	62	71	86	100	113	130	150	169
1	104	4	5	5	5	6	7	6	7	7	8	12	14	15	16	19	20	24	26	30	37	42	52	61	70	82	95
1	105 - 109	2	3	3	3	3	4	5	5	6	6	7	9	11	12	13	16	19	22	25	28	35	42	52	64	76	92
1	110 and over	0	0	0	0	0	0	0	0	0	0	0	0	0	0	0	0	0	0	0	0	0	0	0	0	0	0
2	0	27384	27284	27245	27199	27476	27832	28159	28452	28710	28926	29105	29262	29360	29408	29424	29402	29355	29301	29253	29219	29185	29150	29140	29165	29218	29296
2	1	28115	27584	27477	27441	27396	27674	28033	28361	28655	28914	29131	29310	29470	29568	29616	29632	29610	29564	29510	29462	29428	29394	29360	29350	29375	29428
2	2	28804	28288	27750	27646	27610	27567	27846	28207	28536	28830	29090	29308	29487	29647	29745	29794	29811	29788	29742	29689	29641	29607	29572	29538	29528	29553
2	3	29823	28955	28433	27896	27792	27757	27716	27996	28358	28688	28981	29243	29461	29640	29800	29898	29948	29965	29942	29895	29843	29795	29760	29725	29692	29682
2	4	28590	29955	29081	28561	28024	27922	27889	27847	28127	28490	28821	29114	29377	29594	29774	29934	30033	30082	30100	30077	30030	29978	29929	29895	29860	29827
2	5	29424	28706	30067	29195	28676	28138	28037	28005	27963	28243	28606	28937	29232	29495	29712	29892	30052	30150	30199	30217	30195	30148	30096	30048	30014	29978
2	6	29276	29524	28800	30161	29291	28772	28235	28134	28102	28060	28340	28703	29036	29330	29594	29811	29991	30150	30248	30298	30317	30295	30248	30196	30148	30114
2	7	27994	29356	29601	28878	30240	29370	28853	28316	28215	28183	28141	28422	28785	29118	29411	29675	29893	30073	30233	30331	30381	30399	30378	30331	30279	30231
2	8	27547	28064	29425	29672	28949	30311	29442	28926	28388	28288	28256	28214	28494	28857	29191	29486	29750	29968	30148	30308	30406	30456	30474	30453	30406	30354
2	9	27107	27611	28126	29488	29737	29014	30377	29509	28993	28455	28355	28323	28281	28561	28925	29259	29553	29817	30036	30216	30376	30475	30525	30542	30521	30475
2	10	26496	27166	27668	28185	29547	29797	29075	30437	29570	29055	28517	28417	28384	28342	28622	28987	29321	29615	29878	30099	30278	30439	30538	30587	30604	30583
2	11	26013	26550	27219	27722	28239	29603	29853	29132	30494	29627	29112	28575	28474	28442	28399	28679	29045	29379	29673	29936	30157	30335	30497	30596	30645	30662
2	12	25884	26061	26596	27267	27771	28289	29652	29903	29183	30544	29678	29162	28626	28525	28493	28451	28731	29098	29431	29725	29988	30208	30386	30549	30647	30696
2	13	27062	25928	26101	26638	27310	27815	28332	29695	29947	29227	30588	29722	29207	28671	28569	28537	28495	28775	29142	29475	29770	30032	30252	30430	30593	30691
2	14	27349	27111	25974	26148	26685	27357	27865	28382	29745	29996	29278	30638	29774	29259	28722	28620	28588	28546	28825	29193	29527	29822	30084	30303	30482	30645
2	15	28545	27410	27169	26033	26206	26744	27418	27927	28444	29808	30059	29340	30701	29837	29322	28785	28683	28651	28609	28888	29256	29590	29886	30148	30367	30547
2	16	29163	28616	27477	27238	26101	26275	26814	27488	27998	28516	29880	30131	29414	30773	29910	29395	28859	28757	28724	28683	28961	29330	29664	29960	30222	30441
2	17	30251	29303	28751	27610	27373	26235	26408	26948	27623	28136	28655	30021	30273	29556	30915	30053	29538	29001	28898	28865	28824	29102	29471	29806	30103	30366
2	18	30968	30801	29834	29276	28130	27887	26747	26912	27455	28136	28656	29180	30552	30815	30100	31456	30603	30083	29540	29433	29398	29357	29636	30009	30346	30647
2	19	33033	32127	31914	30942	30371	29214	28958	27809	27964	28513	29206	29736	30272	31663	31943	31227	32586	31742	31207	30654	30541	30505	30464	30745	31123	31467
2	20	34563	34313	33345	33135	32153	31577	30408	30144	28983	29134	29690	30393	30933	31479	32888	33181	32458	33829	32982	32436	31875	31757	31721	31680	31963	32348
2	21	35723	35601	35293	34329	34120	33140	32563	31392	31124	29957	30107	30666	31374	31917	32469	33885	34183	33458	34834	33985	33435	32869	32750	32714	32673	32957
2	22	38871	36618	36440	36141	35178	34979	34002	33430	32258	31992	30822	30973	31534	32241	32786	33338	34757	35053	34326	35706	34853	34305	33739	33621	33585	33544
2	23	38606	39437	37129	36973	36679	35728	35541	34573	34007	32841	32581	31414	31573	32133	32835	33376	33923	35337	35624	34895	36278	35418	34874	34314	34200	34165
2	24	36646	38790	39566	37277	37139	36857	35920	35747	34786	34231	33077	32825	31667	31833	32388	33080	33613	34153	35554	35831	35104	36484	35619	35085	34532	34422
2	25	35995	36806	38908	39681	37409	37287	37013	36088	35920	34966	34417	33273	33026	31876	32044	32595	33280	33806	34342	35733	36004	35280	36653	35790	35262	34714
2	26	36648	36220	37009	39110	39879	37619	37508	37240	36320	36155	35205	34658	33519	33276	32129	32300	32848	33530	34053	34586	35973	36239	35517	36886	36023	35499
2	27	35933	36883	36438	37231	39327	40101	37850	37745	37480	36562	36397	35451	34907	33771	33529	32385	32558	33102	33783	34305	34836	36219	36483	35763	37129	36267
2	28	35421	36169	37104	36663	37458	39556	40332	38087	37984	37718	36802	36640	35695	35151	34018	33777	32635	32809	33351	34032	34552	35081	36464	36727	36007	37372
2	29	35683	35630	36367	37305	36866	37665	39763	40542	38300	38196	37931	37017	36855	35911	35368	34238	33997	32856	33031	33573	34253	34771	35300	36681	36943	36225
2	30	34586	35876	35814	36556	37493	37059	37860	39960	40740	38499	38395	38130	37217	37055	36111	35570	34440	34198	33060	33235	33778	34455	34974	35503	36882	37145
2	31	35202	34768	36052	35995	36737	37677	37246	38052	40150	40930	38690	38586	38321	37408	37248	36302	35762	34630	34390	33252	33428	33968	34647	35166	35695	37074
2	32	35934	35365	34926	36213	36157	36903	37847	37417	38223	40321	41102	38861	38758	38494	37580	37421	36473	35934	34804	34561	33424	33599	34140	34819	35338	35868
2	33	35334	36071	35499	35062	36349	36297	37047	37992	37563	38368	40467	41249	39008	38905	38642	37726	37567	36619	36081	34952	34707	33570	33746	34286	34965	35486
2	34	34655	35459	36193	35624	35187	36477	36428	37179	38124	37696	38501	40600	41383	39144	39040	38777	37860	37702	36753	36214	35085	34840	33702	33878	34417	35097
2	35	33126	34784	35587	36324	35757	35321	36613	36565	37318	38262	37836	38640	40741	41525	39287	39181	38917	38002	37843	36894	36354	35225	34980	33841	34016	34557
2	36	31341	33241	34897	35704	36440	35877	35441	36735	36687	37441	38385	37959	38764	40866	41652	39414	39306	39044	38128	37968	37019	36480	35351	35105	33965	34140
2	37	30293	31429	33327	34986	35794	36532	35971	35536	36830	36783	37536	38481	38056	38861	40963	41749	39513	39405	39143	38226	38067	37119	36579	35450	35203	34065
2	38	32403	30366	31501	33398	35058	35871	36610	36049	35614	36907	36862	37614	38559	38135	38940	41042	41829	39595	39485	39224	38307	38149	37201	36660	35533	35286
2	39	33020	32460	30426	31558	33457	35119	35933	36672	36113	35676	36968	36925	37677	38622	38200	39004	41106	41893	39660	39551	39291	38374	38215	37269	36728	35601
2	40	33179	33066	32508	30474	31607	33507	35169	35985	36724	36166	35729	37021	36978	37731	38675	38255	39058	41160	41948	39717	39607	39347	38432	38273	37327	36786
2	41	35381	33228	33114	32558	30525	31657	33559	35222	36039	36777	36220	35784	37076	37034	37787	38731	38313	39117	41218	42007	39779	39667	39407	38493	38334	37389
2	42	38075	35421	33271	33157	32602	30571	31704	33605	35270	36088	36826	36270	35835	37125	37085	37838	38783	38367	39170	41272	42062	39836	39723	39462	38550	38390
2	43	39781	38102	35451	33303	33189	32636	30608	31739	33640	35306	36125	36863	36309	35874	37164	37125	37877	38823	38408	39211	41312	42105	39881	39767	39507	38595
2	44	39213	39797	38123	35475	33329	33216	32664	30636	31767	33668	35335	36155	36894	36341	35906	37196	37159	37911	38858	38443	39247	41349	42142	39920	39805	39545
2	45	40706	39223	39809	38138	35493	33350	33236	32686	30660	31790	33690	35358	36180	36919	36368	35933	37223	37188	37939	38887	38473	39276	41378	42172	39953	39837
2	46	41544	40711	39235	39821	38153	35511	33370	33256	32708	30683	31812	33711	35380	36203	36943	36394	35959	37248	37215	37967	38915	38502	39306	41407	42202	39987
2	47	41388	41531	40707	39233	39819	38154	35516	33377	33265	32719	30696	31822	33721	35391	36214	36954	36408	35973	37262	37230	37982	38930	38519	39323	41423	42221
2	48	41419	41365	41515	40695	39224	39809	38150	35515	33378	33267	32723	30703	31825	33726	35395	36219	36958	36416	35980	37269	37239	37990	38938	38531	39334	41432
2	49	42736	41391	41343	41495	40678	39211	39797	38141	35510	33376	33265	32724	30705	31826	33726	35395	36222	36960	36420	35986	37272	37244	37996	38944	38538	39341
2	50	42569	42693	41359	41313	41468	40653	39192	39778	38126	35498	33368	33257	32717	30702	31820	33721	35390	36218	36956	36418	35986	37271	37244	37996	38943	38539
2	51	42219	42521	42654	41325	41283	41440	40628	39173	39756	38110	35485	33360	33249	32710	30699	31813	33714	35385	36213	36951	36417	35985	37270	37244	37995	38943
2	52	40847	42165	42478	42614	41291	41252	41410	40602	39151	39734	38093	35473	33351	33240	32703	30694	31809	33708	35379	36208	36947	36415	35985	37269	37245	37996
2	53	40041	40774	42100	42416	42556	41238	41202	41361	40556	39111	39694	38059	35444	33326	33215	32680	30676	31789	33686	35357	36187	36927	36396	35968	37251	37229
2	54	38522	39940	40685	42011	42329	42472	41162	41127	41288	40488	39047	39629	38001	35393	33280	33170	32638	30638	31750	33645	35314	36145	36885	36356	35930	37211
2	55	38639	38415	39841	40588	41915	42234	42380	41077	41045	41207	40411	38975	39557	37935	35335	33228	33118	32589	30596	31705	33597	35264	36096	36835	36310	35884
2	56	37488	38519	38312	39737	40484	41811	42134	42282	40986	40957	41119	40329	38898	39479	37865	35273	33172	33062	32536	30550	31656	33546	35211	36043	36781	36260
2	57	36344	37355	38397	38196	39619	40368	41695	42019	42170	40881	40855	41019	40235	38810	39389	37782	35199	33104	32995	32473	30494	31597	33484	35147	35979	36716
2	58	35232	36191	37213	38256	38059	39479	40230	41556	41882	42036	40754	40730	40896	40118	38699	39278	37680	35107	33019	32911	32393	30422	31522	33404	35064	35896
2	59	33918	35063	36035	37057	38099	37907	39324	40076	41400	41728	41884	40611	40589	40757	39985	38576	39153	37564	35001	32923	32815	32301	30339	31434	33313	34970
2	60	33317	33752	34907	35880	36901	37943	37756	39171	39922	41244	41575	41734	40471	40450	40620	39855	38454	39031	37449	34898	32829	32721	32211	30258	31349	33224
2	61	32805	33139	33591	34743	35716	36738	37779	37597	39009	39761	41080	41414	41575	40321	40302	40474	39717	38324	38899	37329	34789	32728	32621	32115	30170	31258
2	62	31633	32604	32955	33409	34559	35532	36553	37594	37416	38825	39576	40894	41229	41393	40148	40132	40307	39557	38172	38745	37186	34659	32609	32502	32001	30065
2	63	32033	31412	32398	32751	33208	34354	35327	36346	37386	37214	38617	39369	40684	41021	41188	39953	39940	40117	39375	37999	38570	37023	34511	32472	32366	31870
2	64	31886	31773	31181	32166	32521	32980	34123	35095	36111	37149	36983	38381	39132	40444	40783	40952	39728	39718	39898	39163	37798	38369	36834	34338	32311	32207
2	65	32839	31592	31505	30925	31907	32264	32725	33865	34836	35848	36883	36722	38114	38864	40172	40513	40685	39474	39467	39649	38923	37569	38139	36617	34137	32127
2	66	33885	32501	31294	31215	30645	31625	31985	32448	33584	34552	35562	36593	36438	37823	38572	39875	40218	40393	39197	39193	39377	38660	37318	37888	36379	33919
2	67	36794	33495	32157	30970	30900	30341	31318	31681	32144	33277	34241	35248	36276	36126	37503	38250	39548	39893	40072	38889	38889	39075	38367	37040	37609	36115
2	68	27792	36322	33105	31791	30626	30563	30017	30988	31355	31819	32947	33907	34908	35931	35787	37156	37901	39192	39539	39721	38554	38559	38748	38049	36737	37306
2	69	26619	27396	35848	32682	31393	30250	30197	29663	30630	31000	31464	32587	33539	34532	35549	35414	36774	37517	38800	39149	39334	38184	38194	38384	37698	36402
2	70	26897	26193	26993	35331	32220	30958	29839	29796	29275	30238	30610	31075	32187	33131	34118	35129	35001	36351	37093	38367	38717	38906	37776	37789	37982	37309
2	71	26363	26415	25762	26557	34772	31721	30487	29394	29362	28855	29812	30186	30648	31751	32688	33670	34674	34553	35892	36631	37895	38248	38441	37329	37347	37544
2	72	24343	25838	25929	25297	26087	34168	31181	29978	28912	28889	28398	29348	29724	30187	31280	32211	33186	34181	34069	35396	36132	37385	37740	37936	36845	36868
2	73	22743	23815	25320	25419	24809	25591	33530	30614	29442	28405	28390	27916	28858	29236	29699	30783	31705	32672	33660	33556	34869	35601	36843	37200	37400	36331
2	74	23112	22201	23291	24773	24879	24292	25068	32857	30011	28872	27865	27859	27403	28336	28716	29179	30251	31167	32125	33105	33010	34308	35035	36265	36623	36826
2	75	22457	22499	21659	22731	24188	24300	23737	24505	32132	29360	28257	27282	27285	26848	27771	28152	28615	29675	30582	31530	32501	32415	33698	34419	35635	35995
2	76	21792	21799	21891	21084	22136	23564	23686	23146	23905	31359	28667	27600	26659	26672	26253	27166	27549	28009	29056	29954	30891	31851	31774	33041	33755	34956
2	77	21038	21082	21146	21247	20475	21506	22903	23033	22518	23267	30536	27928	26901	25995	26018	25618	26519	26903	27362	28393	29279	30204	31153	31087	32334	33041
2	78	20145	20272	20377	20452	20562	19825	20834	22198	22335	21846	22585	29654	27135	26149	25280	25314	24935	25821	26206	26663	27677	28550	29463	30398	30342	31569
2	79	19033	19319	19509	19624	19710	19828	19130	20113	21441	21586	21124	21851	28706	26281	25338	24507	24553	24196	25066	25450	25904	26901	27760	28656	29576	29533
2	80	17699	18152	18498	18697	18823	18920	19046	18387	19343	20633	20785	20353	21065	27689	25365	24468	23678	23734	23400	24253	24636	25086	26062	26905	27784	28687
2	81	16503	16778	17284	17634	17840	17978	18084	18219	17601	18528	19776	19935	19533	20229	26606	24389	23542	22793	22860	22550	23384	23765	24209	25162	25987	26848
2	82	16231	15538	15877	16375	16726	16939	17087	17203	17345	16769	17665	18870	19034	18663	19341	25456	23351	22554	21850	21927	21642	22455	22833	23271	24199	25004
2	83	14848	15163	14600	14938	15426	15777	15995	16153	16277	16428	15895	16756	17912	18083	17743	18401	24237	22250	21506	20848	20934	20676	21464	21838	22269	23170
2	84	13550	13747	14129	13624	13959	14437	14785	15009	15174	15307	15464	14975	15801	16905	17081	16773	17409	22949	21084	20394	19785	19880	19648	20410	20778	21202
2	85	12133	12420	12690	13065	12620	12950	13415	13760	13987	14159	14300	14461	14019	14806	15856	16033	15759	16370	21599	19861	19225	18667	18771	18564	19298	19660
2	86	10618	11001	11350	11616	11982	11596	11919	12370	12709	12939	13116	13263	13428	13032	13777	14769	14950	14709	15292	20195	18589	18010	17502	17613	17433	18137
2	87	9633	9504	9935	10267	10527	10881	10552	10869	11303	11633	11863	12043	12196	12363	12013	12713	13645	13827	13618	14172	18736	17264	16742	16285	16403	16249
2	88	8655	8498	8466	8866	9180	9433	9773	9499	9806	10220	10539	10767	10950	11104	11273	10967	11621	12488	12670	12493	13016	17228	15891	15427	15021	15145
2	89	7204	7518	7462	7447	7815	8111	8355	8678	8456	8751	9142	9450	9673	9855	10009	10177	9916	10521	11320	11500	11355	11844	15696	14496	14090	13734
2	90	6310	6152	6499	6462	6462	6797	7073	7306	7610	7437	7717	8083	8376	8592	8771	8924	9088	8869	9424	10155	10330	10214	10670	14158	13093	12742
2	91	5270	5293	5232	5537	5517	5529	5831	6085	6305	6588	6459	6722	7061	7336	7544	7717	7867	8025	7845	8349	9011	9180	9091	9511	12638	11703
2	92	4499	4331	4417	4375	4640	4634	4655	4924	5155	5360	5620	5530	5774	6084	6340	6537	6702	6846	6997	6852	7305	7898	8060	7995	8377	11149
2	93	3768	3607	3533	3611	3586	3812	3817	3845	4081	4288	4476	4712	4654	4878	5158	5392	5575	5731	5867	6009	5896	6298	6822	6974	6930	7274
2	94	3055	2940	2870	2818	2888	2876	3065	3078	3111	3314	3497	3666	3877	3846	4047	4296	4507	4675	4819	4945	5076	4992	5343	5800	5941	5915
2	95	1627	2316	2278	2229	2195	2256	2253	2409	2427	2462	2634	2792	2941	3126	3116	3294	3512	3699	3850	3980	4095	4214	4154	4456	4848	4977
2	96	1165	1196	1744	1720	1688	1667	1719	1722	1848	1869	1903	2046	2180	2309	2468	2473	2628	2815	2977	3111	3226	3329	3435	3394	3650	3981
2	97	918	829	874	1278	1264	1245	1233	1276	1283	1383	1404	1436	1552	1664	1773	1907	1922	2054	2211	2349	2465	2565	2655	2747	2722	2935
2	98	688	631	588	621	911	904	893	888	922	931	1008	1028	1057	1149	1240	1330	1441	1462	1571	1701	1816	1914	1999	2076	2155	2142
2	99	479	457	433	405	429	631	628	623	622	648	658	715	733	758	830	902	974	1064	1087	1176	1281	1375	1455	1526	1591	1657
2	100	326	306	303	288	270	287	424	423	422	423	442	451	493	508	529	584	639	696	766	789	860	943	1018	1082	1140	1193
2	101	197	200	196	194	185	174	186	276	277	277	279	293	301	331	343	359	400	441	485	539	559	614	678	737	787	834
2	102	110	117	124	122	121	116	109	117	175	176	177	179	189	195	216	226	238	268	298	330	371	388	430	478	523	562
2	103	69	62	69	74	73	72	70	66	71	107	108	109	111	118	122	136	144	152	173	195	218	247	261	292	327	361
2	104	38	37	35	39	42	41	41	40	38	41	62	63	64	66	70	73	82	88	93	107	122	138	159	169	191	216
2	105 - 109	45	39	39	37	39	42	42	42	42	41	43	56	63	69	72	77	81	89	98	106	121	139	161	188	212	242
2	110 and over	0	0	0	0	0	0	0	0	0	0	0	0	0	0	0	0	1	1	1	1	1	1	1	2	3	4
