Sex	Age	2014	2015	2016	2017	2018	2019	2020	2021	2022	2023	2024	2025	2026	2027	2028	2029	2030	2031	2032	2033	2034	2035	2036	2037	2038	2039
1	0	28913	28602	28471	28312	28492	28746	28967	29149	29290	29390	29455	29492	29478	29419	29335	29220	29087	28959	28843	28750	28663	28580	28528	28513	28527	28565
1	1	29337	29099	28753	28623	28465	28649	28905	29128	29310	29451	29552	29618	29655	29642	29582	29498	29383	29251	29122	29006	28913	28826	28741	28690	28675	28689
1	2	30424	29483	29208	28862	28734	28577	28762	29021	29246	29428	29569	29671	29737	29774	29761	29700	29616	29501	29370	29240	29124	29031	28944	28858	28806	28791
1	3	31184	30531	29556	29282	28937	28809	28654	28842	29101	29326	29509	29649	29752	29819	29856	29842	29781	29697	29582	29452	29322	29204	29111	29024	28938	28886
1	4	29656	31269	30586	29614	29340	28997	28868	28716	28905	29162	29388	29572	29711	29816	29881	29920	29906	29845	29761	29646	29515	29385	29267	29174	29087	29002
1	5	30352	29735	31321	30640	29670	29397	29054	28927	28775	28964	29221	29447	29631	29770	29875	29940	29979	29965	29904	29821	29705	29574	29445	29326	29233	29146
1	6	30378	30425	29784	31371	30692	29724	29450	29108	28981	28828	29017	29274	29500	29685	29824	29930	29995	30034	30020	29959	29876	29760	29629	29500	29380	29287
1	7	29262	30442	30471	29831	31417	30742	29773	29500	29157	29030	28876	29066	29324	29549	29735	29875	29980	30046	30084	30070	30010	29926	29810	29680	29550	29430
1	8	28610	29314	30478	30508	29868	31456	30781	29813	29540	29197	29069	28915	29105	29363	29588	29775	29915	30020	30086	30124	30110	30050	29966	29850	29720	29590
1	9	28635	28657	29345	30511	30542	29903	31491	30818	29848	29575	29233	29104	28951	29140	29399	29624	29811	29951	30057	30123	30161	30147	30087	30002	29886	29755
1	10	28184	28687	28694	29383	30551	30584	29945	31534	30861	29890	29617	29275	29146	28994	29181	29441	29667	29853	29993	30099	30165	30203	30189	30129	30044	29927
1	11	27029	28239	28726	28734	29425	30594	30629	29990	31580	30906	29935	29661	29319	29191	29038	29226	29486	29712	29897	30037	30144	30209	30248	30233	30174	30089
1	12	26889	27070	28264	28752	28762	29454	30624	30661	30021	31612	30939	29966	29691	29350	29222	29069	29257	29517	29743	29928	30068	30175	30241	30279	30264	30205
1	13	27929	26934	27099	28293	28782	28793	29485	30657	30693	30053	31646	30973	29999	29724	29384	29255	29102	29292	29551	29777	29962	30102	30209	30275	30314	30298
1	14	29027	27987	26975	27141	28335	28826	28838	29531	30703	30739	30099	31692	31020	30046	29771	29431	29301	29148	29338	29598	29824	30009	30149	30256	30322	30361
1	15	30060	29083	28025	27015	27181	28376	28868	28880	29573	30746	30781	30141	31735	31062	30090	29813	29474	29343	29191	29382	29642	29868	30053	30192	30300	30366
1	16	30657	30124	29128	28072	27062	27230	28426	28918	28930	29623	30796	30832	30192	31785	31114	30141	29863	29525	29394	29242	29433	29693	29919	30105	30244	30352
1	17	31830	30769	30212	29217	28162	27152	27321	28517	29010	29022	29716	30889	30927	30287	31880	31210	30237	29958	29620	29488	29336	29528	29788	30014	30201	30340
1	18	32612	32192	31084	30522	29528	28470	27456	27623	28820	29319	29334	30028	31206	31248	30609	32201	31537	30560	30277	29938	29804	29652	29844	30104	30332	30520
1	19	33734	33377	32874	31760	31193	30193	29127	28105	28265	29467	29978	29996	30694	31883	31933	31293	32886	32230	31245	30953	30611	30476	30322	30515	30776	31006
1	20	35028	34624	34158	33652	32536	31963	30958	29882	28849	29006	30216	30737	30757	31461	32663	32719	32074	33673	33020	32026	31728	31382	31246	31091	31283	31546
1	21	35258	35773	35249	34785	34282	33164	32592	31585	30501	29463	29618	30833	31359	31381	32089	33297	33357	32709	34312	33661	32661	32360	32013	31877	31720	31912
1	22	37784	35923	36300	35781	35323	34822	33708	33139	32129	31043	30002	30157	31374	31903	31925	32634	33846	33909	33261	34865	34214	33213	32910	32562	32424	32269
1	23	38453	38321	36305	36692	36178	35727	35233	34125	33559	32549	31466	30426	30583	31800	32328	32348	33059	34270	34330	33683	35288	34634	33634	33334	32986	32848
1	24	36695	38728	38439	36436	36836	36328	35886	35401	34299	33737	32731	31654	30620	30779	31992	32516	32536	33244	34451	34507	33862	35464	34807	33812	33515	33169
1	25	36179	36849	38737	38453	36466	36873	36373	35939	35460	34361	33803	32801	31731	30702	30863	32070	32592	32610	33316	34518	34573	33929	35526	34869	33878	33584
1	26	36253	36333	36877	38764	38487	36512	36927	36433	36002	35526	34430	33875	32876	31809	30785	30947	32152	32672	32687	33392	34592	34645	34001	35597	34938	33950
1	27	34898	36406	36371	36918	38810	38538	36574	36994	36502	36073	35598	34505	33953	32957	31893	30871	31032	32238	32754	32770	33473	34670	34722	34081	35672	35014
1	28	34875	35035	36441	36409	36963	38857	38589	36634	37056	36564	36136	35662	34571	34022	33028	31966	30946	31109	32312	32827	32843	33545	34740	34790	34152	35740
1	29	34277	34973	35044	36453	36426	36984	38880	38617	36666	37088	36598	36171	35696	34609	34061	33069	32009	30991	31153	32357	32869	32885	33587	34779	34830	34191
1	30	33152	34377	34991	35065	36478	36455	37016	38915	38650	36705	37126	36638	36211	35738	34652	34105	33116	32057	31040	31203	32406	32916	32933	33634	34824	34873
1	31	33589	33248	34399	35016	35094	36510	36492	37054	38950	38687	36746	37166	36678	36252	35781	34696	34150	33163	32105	31090	31253	32453	32964	32980	33679	34869
1	32	33800	33650	33248	34399	35020	35102	36517	36504	37065	38958	38696	36756	37178	36690	36265	35795	34712	34166	33180	32125	31112	31274	32472	32982	32998	33696
1	33	33945	33871	33666	33268	34420	35044	35129	36543	36533	37092	38983	38723	36787	37205	36720	36294	35825	34744	34198	33214	32159	31147	31308	32504	33014	33031
1	34	33300	34016	33893	33691	33296	34450	35075	35165	36576	36567	37126	39015	38755	36821	37238	36754	36327	35859	34779	34232	33251	32196	31184	31345	32540	33049
1	35	32397	33347	34021	33902	33702	33309	34463	35091	35181	36591	36583	37140	39027	38770	36838	37253	36769	36342	35874	34796	34249	33268	32215	31202	31363	32557
1	36	29842	32443	33357	34032	33916	33718	33329	34482	35110	35201	36608	36603	37159	39045	38788	36859	37272	36789	36363	35895	34817	34270	33289	32236	31223	31384
1	37	29753	29884	32449	33365	34043	33929	33733	33347	34497	35126	35217	36623	36620	37174	39058	38805	36877	37288	36806	36379	35911	34834	34288	33308	32254	31241
1	38	31344	29774	29877	32440	33359	34040	33927	33734	33346	34496	35124	35215	36620	36619	37172	39054	38803	36877	37286	36804	36377	35910	34834	34288	33308	32254
1	39	31368	31331	29741	29844	32405	33328	34007	33898	33706	33319	34466	35093	35186	36589	36589	37141	39021	38771	36848	37255	36773	36347	35880	34806	34259	33281
1	40	32149	31352	31290	29706	29811	32369	33293	33973	33865	33673	33288	34431	35060	35153	36553	36554	37105	38983	38734	36815	37220	36738	36314	35848	34774	34227
1	41	33967	32140	31323	31263	29682	29787	32344	33269	33950	33842	33651	33265	34408	35036	35129	36528	36530	37079	38955	38710	36793	37195	36715	36291	35825	34753
1	42	35725	33938	32098	31281	31222	29645	29749	32305	33230	33911	33805	33614	33230	34370	34998	35091	36490	36492	37041	38915	38672	36756	37156	36678	36253	35789
1	43	36863	35681	33883	32047	31232	31172	29601	29704	32257	33184	33863	33759	33569	33184	34323	34951	35045	36442	36446	36994	38865	38625	36712	37108	36632	36206
1	44	36585	36820	35630	33837	32004	31189	31132	29564	29666	32216	33143	33822	33720	33531	33146	34282	34912	35008	36403	36407	36954	38824	38586	36676	37070	36595
1	45	37998	36525	36751	35566	33778	31948	31135	31080	29514	29616	32162	33089	33768	33667	33479	33095	34229	34859	34957	36350	36355	36902	38770	38533	36626	37018
1	46	38731	37922	36444	36673	35491	33708	31883	31073	31018	29456	29557	32099	33028	33706	33606	33418	33036	34167	34798	34897	36287	36295	36840	38705	38470	36566
1	47	39506	38646	37836	36363	36592	35415	33638	31818	31009	30953	29396	29497	32035	32965	33643	33543	33356	32975	34104	34736	34835	36223	36232	36777	38638	38405
1	48	38983	39407	38547	37743	36274	36504	35332	33562	31745	30938	30883	29331	29431	31964	32897	33573	33475	33289	32908	34036	34667	34766	36152	36161	36705	38564
1	49	40584	38888	39309	38455	37654	36191	36423	35258	33491	31679	30875	30819	29271	29370	31900	32834	33508	33413	33227	32848	33973	34605	34704	36087	36097	36639
1	50	39732	40489	38800	39222	38373	37577	36121	36354	35194	33431	31623	30820	30765	29222	29320	31845	32781	33456	33363	33176	32798	33921	34553	34653	36033	36044
1	51	39875	39638	40395	38716	39138	38296	37505	36054	36288	35133	33374	31571	30768	30714	29176	29272	31793	32731	33405	33314	33127	32751	33872	34504	34605	35982
1	52	39351	39759	39527	40288	38618	39042	38206	37419	35975	36210	35060	33307	31507	30705	30654	29119	29215	31731	32671	33344	33254	33068	32693	33812	34444	34544
1	53	38243	39210	39623	39398	40162	38502	38927	38099	37316	35879	36115	34971	33223	31428	30628	30578	29048	29144	31653	32594	33267	33178	32993	32619	33733	34365
1	54	37187	38086	39058	39476	39257	40023	38375	38802	37980	37204	35773	36009	34872	33130	31341	30543	30493	28969	29065	31566	32508	33180	33093	32909	32534	33646
1	55	36592	37007	37912	38887	39309	39097	39865	38230	38658	37842	37072	35648	35884	34755	33021	31238	30441	30394	28876	28970	31464	32405	33075	32990	32807	32433
1	56	35552	36396	36822	37728	38705	39132	38927	39696	38075	38502	37694	36930	35514	35750	34629	32902	31126	30331	30285	28775	28866	31352	32292	32962	32876	32694
1	57	34895	35352	36203	36636	37543	38522	38954	38755	39525	37917	38345	37543	36785	35378	35614	34501	32781	31012	30221	30174	28670	28762	31238	32177	32844	32760
1	58	33754	34674	35144	35997	36434	37344	38326	38761	38569	39338	37744	38173	37379	36626	35228	35464	34358	32647	30885	30098	30052	28555	28646	31109	32047	32713
1	59	32194	33503	34434	34907	35764	36205	37116	38099	38537	38351	39121	37540	37969	37185	36436	35048	35284	34186	32485	30733	29949	29903	28414	28505	30956	31890
1	60	31896	31928	33243	34176	34655	35514	35959	36870	37853	38294	38114	38884	37317	37746	36971	36229	34851	35086	33996	32305	30564	29782	29738	28259	28347	30782
1	61	31236	31605	31658	32970	33904	34388	35248	35698	36608	37589	38034	37861	38629	37078	37506	36739	36004	34635	34870	33789	32110	30380	29602	29558	28087	28174
1	62	30105	30919	31306	31369	32676	33612	34100	34960	35413	36322	37300	37748	37581	38348	36813	37240	36481	35754	34396	34631	33559	31892	30174	29400	29356	27895
1	63	30290	29766	30594	30990	31062	32364	33300	33793	34653	35107	36014	36990	37440	37279	38044	36525	36951	36201	35482	34136	34370	33307	31653	29948	29178	29135
1	64	30600	29920	29427	30257	30659	30740	32037	32974	33468	34328	34784	35689	36660	37113	36958	37720	36219	36642	35901	35191	33858	34090	33036	31396	29704	28939
1	65	31190	30192	29550	29074	29904	30313	30403	31693	32629	33125	33982	34440	35342	36309	36764	36616	37373	35891	36310	35578	34877	33557	33786	32743	31118	29441
1	66	31986	30717	29764	29144	28686	29515	29929	30027	31311	32244	32741	33594	34054	34951	35914	36369	36228	36979	35515	35932	35209	34516	33211	33438	32406	30797
1	67	34396	31435	30223	29298	28700	28261	29089	29507	29612	30886	31816	32314	33161	33621	34514	35470	35925	35789	36534	35090	35505	34790	34108	32818	33043	32023
1	68	26017	33733	30871	29695	28800	28225	27804	28629	29050	29163	30427	31350	31847	32686	33145	34032	34979	35432	35302	36039	34618	35029	34324	33652	32379	32602
1	69	24005	25456	33058	30273	29134	28269	27717	27315	28135	28560	28680	29929	30843	31337	32168	32626	33503	34441	34891	34766	35494	34096	34502	33810	33148	31895
1	70	24560	23431	24889	32345	29637	28537	27703	27175	26792	27607	28033	28160	29393	30293	30785	31607	32062	32929	33856	34301	34181	34899	33527	33928	33248	32597
1	71	22961	23912	22852	24290	31589	28963	27902	27102	26597	26233	27042	27469	27600	28814	29705	30192	31005	31455	32311	33223	33663	33548	34255	32909	33303	32636
1	72	20722	22287	23256	22240	23656	30788	28245	27225	26458	25977	25633	26434	26861	26997	28193	29072	29554	30356	30801	31643	32540	32973	32862	33556	32238	32625
1	73	18871	20053	21615	22573	21601	22992	29947	27491	26512	25778	25321	24997	25788	26213	26354	27529	28394	28871	29659	30098	30926	31805	32231	32123	32803	31513
1	74	19059	18214	19399	20928	21873	20946	22310	29078	26712	25774	25073	24639	24335	25114	25536	25682	26833	27683	28153	28927	29358	30169	31028	31447	31342	32006
1	75	18503	18325	17558	18716	20209	21137	20256	21591	28162	25884	24990	24323	23913	23628	24393	24811	24961	26085	26919	27380	28137	28559	29350	30188	30597	30495
1	76	17736	17724	17604	16882	18011	19465	20375	19540	20841	27203	25019	24167	23534	23147	22882	23630	24044	24195	25292	26106	26557	27295	27707	28475	29289	29686
1	77	16146	16924	16966	16868	16190	17288	18700	19591	18802	20069	26212	24122	23313	22713	22350	22104	22834	23241	23393	24459	25251	25691	26407	26808	27553	28340
1	78	15326	15329	16126	16184	16106	15474	16537	17903	18771	18030	19257	25170	23177	22412	21845	21507	21279	21990	22387	22540	23571	24337	24764	25456	25844	26562
1	79	14229	14465	14525	15300	15373	15314	14727	15753	17070	17913	17219	18404	24072	22178	21457	20924	20609	20399	21087	21474	21625	22619	23357	23769	24435	24807
1	80	12878	13341	13623	13700	14449	14535	14496	13952	14938	16202	17016	16369	17509	22917	21126	20450	19952	19659	19466	20129	20504	20652	21604	22312	22706	23343
1	81	11713	11990	12485	12770	12860	13583	13680	13656	13158	14100	15307	16089	15489	16580	21716	20030	19400	18937	18667	18489	19125	19484	19629	20536	21210	21585
1	82	10938	10813	11131	11613	11899	12003	12695	12800	12792	12337	13233	14380	15128	14575	15614	20464	18887	18301	17872	17624	17462	18067	18409	18548	19406	20044
1	83	9747	10000	9947	10262	10728	11013	11127	11785	11898	11904	11492	12339	13420	14130	13624	14606	19157	17691	17150	16755	16529	16380	16953	17274	17408	18212
1	84	8348	8814	9107	9080	9388	9836	10117	10239	10861	10979	10997	10627	11422	12434	13103	12644	13565	17804	16451	15955	15594	15387	15252	15788	16088	16213
1	85	7278	7461	7939	8224	8220	8521	8947	9221	9349	9932	10054	10081	9752	10493	11432	12059	11646	12502	16418	15180	14728	14398	14211	14089	14585	14862
1	86	6022	6417	6635	7079	7354	7371	7662	8063	8328	8459	9001	9124	9158	8869	9552	10417	10997	10628	11417	15002	13880	13471	13173	13004	12894	13348
1	87	5219	5232	5628	5836	6246	6507	6541	6817	7194	7446	7578	8076	8198	8239	7988	8609	9398	9930	9605	10324	13571	12564	12197	11929	11777	11677
1	88	4448	4467	4525	4882	5077	5450	5696	5745	6005	6353	6591	6721	7173	7293	7338	7122	7683	8394	8876	8591	9239	12148	11253	10927	10687	10552
1	89	3623	3748	3807	3868	4186	4368	4704	4932	4989	5231	5550	5772	5897	6303	6418	6465	6281	6782	7416	7846	7600	8175	10754	9967	9679	9466
1	90	3053	2999	3141	3200	3262	3543	3708	4007	4216	4279	4500	4788	4991	5110	5471	5578	5625	5470	5913	6470	6849	6638	7143	9400	8712	8461
1	91	2249	2474	2464	2589	2646	2707	2950	3099	3361	3549	3615	3814	4070	4253	4364	4680	4778	4823	4695	5079	5561	5890	5711	6147	8091	7499
1	92	1866	1780	1988	1986	2094	2148	2205	2412	2544	2769	2936	3002	3178	3402	3564	3665	3937	4025	4067	3962	4290	4699	4980	4830	5199	6844
1	93	1401	1439	1396	1564	1568	1659	1708	1760	1933	2047	2238	2383	2446	2599	2791	2932	3022	3252	3328	3366	3282	3556	3897	4131	4008	4314
1	94	985	1050	1099	1069	1202	1210	1285	1328	1374	1515	1612	1770	1893	1952	2082	2243	2363	2441	2632	2696	2729	2663	2887	3165	3356	3256
1	95	487	716	779	818	798	901	910	970	1007	1046	1159	1239	1367	1469	1522	1630	1762	1862	1928	2082	2135	2163	2112	2290	2511	2663
1	96	324	343	516	563	593	580	657	667	714	744	776	864	929	1030	1113	1158	1246	1352	1433	1487	1608	1651	1674	1635	1773	1944
1	97	235	221	240	362	396	418	410	467	476	512	535	561	628	679	757	822	860	929	1012	1076	1119	1212	1246	1264	1235	1339
1	98	140	155	150	163	246	270	286	282	322	330	356	374	394	444	482	541	591	621	674	738	787	820	889	915	928	907
1	99	105	89	101	98	107	162	178	190	188	215	221	240	253	268	304	332	375	412	436	475	522	559	583	633	652	662
1	100	65	64	56	64	62	68	103	113	121	121	139	143	156	165	176	201	221	251	278	296	324	357	384	401	436	449
1	101	34	38	38	34	39	38	41	63	69	74	74	86	89	97	104	111	128	141	162	180	193	213	235	254	266	289
1	102	18	19	22	22	20	23	22	24	37	40	43	44	51	53	58	62	67	78	86	100	112	121	134	149	161	169
1	103	10	9	10	12	12	11	13	12	13	21	22	24	25	29	30	33	35	39	45	50	59	67	72	81	90	98
1	104	4	5	5	5	6	6	6	7	6	7	11	12	13	13	16	16	18	19	21	25	28	33	38	41	47	52
1	105 - 109	2	3	3	3	3	4	4	4	4	4	4	6	8	11	11	12	13	15	17	19	21	24	29	33	37	44
1	110 and over	0	0	0	0	0	0	0	0	0	0	0	0	0	0	0	0	0	0	0	0	0	0	0	0	0	0
2	0	27384	27249	27122	26972	27142	27384	27595	27767	27903	27997	28059	28094	28080	28024	27945	27833	27707	27586	27474	27384	27303	27224	27176	27161	27175	27211
2	1	28115	27559	27391	27266	27117	27288	27532	27744	27918	28055	28149	28211	28246	28232	28177	28098	27985	27859	27737	27625	27537	27456	27376	27329	27314	27328
2	2	28804	28261	27670	27505	27381	27233	27406	27650	27863	28037	28174	28268	28332	28366	28352	28296	28217	28104	27978	27857	27745	27657	27576	27496	27449	27434
2	3	29823	28932	28357	27768	27604	27480	27335	27508	27752	27965	28140	28278	28372	28435	28470	28456	28399	28320	28208	28082	27960	27848	27759	27678	27598	27552
2	4	28590	29934	29014	28440	27851	27687	27566	27423	27595	27839	28053	28228	28366	28461	28523	28558	28544	28487	28409	28296	28170	28047	27935	27846	27766	27685
2	5	29424	28686	30006	29088	28514	27925	27761	27641	27499	27671	27915	28130	28305	28443	28538	28601	28636	28621	28564	28485	28373	28247	28123	28012	27923	27842
2	6	29276	29507	28746	30066	29151	28575	27988	27824	27704	27563	27734	27978	28194	28369	28507	28603	28665	28701	28685	28628	28550	28436	28311	28187	28076	27987
2	7	27994	29341	29555	28794	30115	29200	28626	28039	27875	27755	27613	27785	28029	28244	28420	28558	28655	28717	28753	28737	28680	28602	28488	28363	28239	28128
2	8	27547	28051	29382	29599	28838	30161	29246	28673	28084	27920	27801	27659	27831	28075	28290	28466	28604	28702	28764	28799	28783	28727	28648	28535	28409	28285
2	9	27107	27599	28087	29420	29640	28880	30202	29287	28713	28125	27961	27843	27701	27873	28116	28331	28507	28645	28744	28806	28841	28825	28769	28691	28577	28451
2	10	26496	27154	27633	28121	29456	29676	28917	30238	29324	28750	28162	27998	27881	27738	27909	28152	28369	28545	28683	28782	28844	28879	28863	28807	28729	28615
2	11	26013	26539	27183	27664	28153	29488	29709	28951	30273	29358	28784	28196	28032	27915	27772	27943	28187	28404	28581	28718	28818	28879	28914	28897	28842	28763
2	12	25884	26050	26563	27208	27691	28181	29516	29737	28979	30301	29386	28812	28225	28060	27943	27800	27971	28215	28432	28610	28747	28848	28908	28943	28926	28871
2	13	27062	25917	26069	26582	27229	27712	28203	29539	29757	29000	30324	29408	28835	28247	28082	27965	27822	27993	28237	28454	28632	28769	28870	28930	28967	28948
2	14	27349	27099	25940	26092	26607	27254	27739	28230	29566	29784	29028	30351	29436	28863	28276	28110	27993	27849	28021	28264	28482	28659	28796	28898	28958	28996
2	15	28545	27398	27134	25975	26128	26645	27293	27779	28270	29606	29824	29068	30391	29477	28903	28317	28149	28032	27888	28060	28303	28521	28698	28836	28938	28998
2	16	29163	28605	27441	27176	26020	26173	26690	27340	27826	28317	29654	29873	29117	30440	29526	28952	28365	28196	28079	27935	28107	28350	28568	28745	28883	28985
2	17	30251	29286	28703	27539	27275	26120	26270	26788	27439	27927	28420	29759	29979	29222	30546	29632	29058	28470	28300	28182	28038	28209	28452	28671	28849	28987
2	18	30968	30767	29747	29156	27989	27717	26560	26703	27222	27880	28375	28873	30216	30449	29693	31012	30109	29527	28933	28757	28637	28494	28665	28908	29130	29310
2	19	33033	32066	31756	30729	30126	28946	28661	27492	27625	28149	28818	29325	29833	31194	31444	30686	32007	31111	30515	29910	29725	29603	29458	29629	29874	30102
2	20	34563	34230	33117	32805	31773	31159	29967	29674	28492	28619	29150	29829	30345	30861	32244	32503	31738	33068	32170	31562	30947	30758	30634	30485	30658	30906
2	21	35723	35502	35011	33897	33591	32556	31941	30746	30448	29261	29386	29919	30602	31122	31644	33035	33298	32529	33865	32964	32350	31732	31541	31416	31267	31439
2	22	38871	36499	36102	35616	34509	34207	33177	32566	31369	31072	29884	30010	30543	31228	31749	32271	33664	33926	33156	34495	33591	32977	32358	32167	32042	31893
2	23	38606	39302	36737	36362	35888	34792	34504	33481	32879	31686	31397	30213	30346	30877	31558	32074	32591	33980	34232	33461	34804	33892	33284	32671	32484	32360
2	24	36646	38657	39162	36617	36269	35807	34727	34453	33440	32848	31666	31387	30213	30353	30877	31552	32058	32569	33945	34187	33419	34757	33842	33245	32638	32457
2	25	35995	36686	38532	39034	36513	36182	35730	34664	34396	33389	32803	31632	31358	30194	30335	30855	31524	32024	32531	33896	34131	33367	34699	33786	33194	32594
2	26	36648	36115	36680	38523	39027	36518	36199	35754	34692	34427	33425	32843	31675	31406	30246	30388	30906	31572	32069	32571	33933	34164	33402	34730	33817	33229
2	27	35933	36794	36153	36721	38565	39070	36573	36260	35816	34758	34494	33495	32916	31751	31482	30327	30469	30986	31650	32144	32644	34004	34233	33471	34798	33885
2	28	35421	36091	36858	36220	36792	38637	39145	36655	36342	35901	34844	34581	33585	33007	31844	31577	30423	30565	31082	31745	32237	32736	34093	34322	33561	34885
2	29	35683	35563	36152	36920	36285	36862	38709	39218	36731	36417	35979	34922	34661	33667	33089	31927	31660	30508	30651	31168	31831	32320	32819	34174	34402	33641
2	30	34586	35816	35626	36217	36988	36357	36937	38785	39294	36809	36496	36057	35001	34741	33747	33169	32008	31742	30590	30733	31250	31912	32400	32899	34253	34481
2	31	35202	34717	35888	35699	36294	37069	36440	37023	38870	39379	36895	36582	36143	35086	34827	33832	33254	32094	31827	30676	30818	31335	31996	32485	32983	34338
2	32	35934	35321	34785	35958	35773	36369	37147	36520	37102	38950	39459	36975	36662	36223	35165	34906	33910	33333	32173	31906	30755	30896	31413	32074	32563	33061
2	33	35334	36032	35376	34841	36016	35835	36431	37212	36584	37166	39014	39523	37041	36727	36286	35229	34969	33973	33396	32237	31970	30818	30959	31475	32137	32625
2	34	34655	35424	36083	35430	34899	36074	35894	36494	37275	36646	37228	39076	39585	37106	36790	36348	35292	35030	34034	33456	32298	32030	30878	31018	31534	32197
2	35	33126	34755	35490	36152	35502	34972	36148	35971	36571	37353	36723	37304	39153	39663	37185	36867	36425	35368	35105	34110	33530	32373	32102	30951	31089	31605
2	36	31341	33214	34813	35553	36216	35566	35038	36215	36040	36639	37422	36792	37372	39222	39733	37255	36935	36494	35435	35173	34177	33596	32439	32167	31015	31153
2	37	30293	31405	33251	34852	35595	36259	35610	35084	36260	36087	36684	37468	36838	37417	39268	39780	37301	36981	36540	35481	35218	34222	33641	32484	32211	31059
2	38	32403	30344	31430	33278	34881	35626	36291	35644	35116	36292	36120	36715	37500	36871	37449	39298	39812	37333	37012	36572	35513	35250	34255	33673	32516	32242
2	39	33020	32439	30362	31446	33296	34900	35646	36312	35665	35136	36312	36142	36736	37520	36891	37469	39317	39832	37354	37034	36591	35535	35272	34276	33693	32538
2	40	33179	33049	32448	30373	31457	33308	34913	35660	36327	35680	35151	36327	36157	36750	37534	36906	37483	39330	39846	37369	37049	36606	35549	35287	34291	33708
2	41	35381	33211	33063	32463	30391	31473	33324	34931	35679	36347	35700	35172	36347	36178	36769	37554	36927	37503	39350	39866	37391	37069	36626	35569	35308	34312
2	42	38075	35406	33223	33075	32476	30405	31486	33339	34946	35694	36363	35717	35190	36363	36196	36786	37571	36946	37520	39366	39884	37410	37085	36643	35588	35326
2	43	39781	38087	35407	33225	33077	32480	30412	31490	33344	34951	35700	36369	35725	35198	36369	36203	36794	37578	36953	37527	39372	39892	37419	37093	36651	35597
2	44	39213	39784	38081	35404	33223	33076	32481	30414	31490	33346	34952	35701	36371	35729	35202	36371	36207	36797	37581	36957	37529	39374	39895	37425	37096	36655
2	45	40706	39210	39768	38070	35397	33217	33072	32476	30412	31486	33343	34948	35698	36369	35728	35200	36368	36206	36795	37579	36956	37528	39371	39893	37425	37095
2	46	41544	40699	39196	39754	38060	35390	33213	33067	32472	30411	31482	33339	34946	35695	36365	35727	35198	36366	36205	36794	37578	36956	37527	39369	39891	37425
2	47	41388	41521	40671	39171	39728	38038	35372	33198	33052	32460	30399	31469	33325	34932	35681	36352	35715	35187	36354	36193	36782	37566	36945	37515	39355	39877
2	48	41419	41356	41483	40636	39139	39696	38012	35348	33178	33032	32441	30383	31450	33306	34912	35661	36332	35698	35169	36335	36175	36764	37547	36927	37496	39336
2	49	42736	41381	41312	41440	40597	39105	39662	37982	35321	33155	33009	32419	30364	31429	33283	34888	35638	36309	35676	35147	36312	36153	36741	37524	36906	37474
2	50	42569	42685	41329	41262	41393	40553	39064	39621	37946	35289	33126	32980	32391	30339	31402	33255	34859	35610	36280	35648	35120	36284	36126	36712	37496	36878
2	51	42219	42512	42627	41275	41212	41344	40508	39023	39578	37908	35255	33096	32949	32362	30314	31372	33223	34829	35580	36250	35619	35092	36254	36098	36682	37466
2	52	40847	42157	42451	42568	41223	41161	41294	40462	38981	39535	37869	35222	33066	32918	32332	30288	31343	33193	34797	35548	36218	35590	35063	36222	36068	36650
2	53	40041	40766	42072	42369	42489	41151	41090	41225	40396	38920	39474	37812	35170	33019	32870	32287	30246	31299	33145	34748	35500	36168	35543	35016	36172	36020
2	54	38522	39932	40658	41962	42263	42385	41053	40994	41131	40307	38836	39388	37732	35096	32950	32801	32220	30185	31234	33077	34677	35429	36096	35472	34947	36100
2	55	38639	38408	39815	40542	41847	42150	42274	40949	40892	41030	40210	38743	39294	37644	35017	32876	32727	32146	30119	31164	33003	34600	35350	36015	35395	34870
2	56	37488	38514	38288	39692	40421	41726	42030	42157	40838	40783	40922	40106	38644	39194	37551	34931	32796	32646	32068	30047	31088	32922	34516	35265	35929	35311
2	57	36344	37349	38377	38154	39556	40287	41591	41898	42025	40713	40660	40800	39989	38532	39080	37445	34833	32703	32554	31979	29965	31001	32830	34421	35167	35829
2	58	35232	36184	37191	38218	38000	39401	40131	41433	41741	41871	40566	40514	40656	39849	38397	38945	37317	34714	32592	32444	31871	29864	30897	32719	34305	35049
2	59	33918	35057	36013	37017	38044	37831	39230	39959	41258	41569	41699	40402	40352	40495	39693	38248	38793	37174	34582	32469	32320	31750	29751	30780	32593	34174
2	60	33317	33746	34886	35841	36844	37870	37664	39058	39788	41083	41396	41527	40239	40190	40334	39537	38100	38642	37030	34451	32346	32196	31629	29638	30662	32467
2	61	32805	33133	33569	34706	35661	36664	37690	37488	38878	39606	40898	41213	41346	40065	40017	40162	39370	37941	38481	36877	34311	32214	32063	31499	29516	30535
2	62	31633	32598	32933	33372	34505	35461	36462	37487	37289	38673	39401	40687	41004	41139	39866	39820	39965	39178	37758	38295	36700	34148	32060	31908	31347	29375
2	63	32033	31407	32374	32714	33154	34284	35238	36237	37260	37066	38444	39171	40451	40769	40906	39642	39597	39743	38961	37550	38083	36500	33962	31885	31732	31175
2	64	31886	31769	31161	32126	32468	32910	34034	34988	35983	37003	36813	38184	38909	40183	40501	40639	39384	39341	39487	38711	37310	37841	36268	33747	31681	31530
2	65	32839	31587	31486	30889	31850	32194	32638	33757	34709	35700	36715	36529	37892	38613	39880	40199	40338	39094	39052	39199	38428	37038	37565	36004	33502	31450
2	66	33885	32498	31274	31180	30594	31551	31897	32343	33456	34405	35390	36400	36219	37573	38290	39550	39869	40008	38776	38735	38882	38118	36738	37262	35713	33232
2	67	36794	33491	32140	30936	30848	30275	31227	31574	32020	33126	34072	35050	36055	35878	37221	37934	39184	39502	39642	38422	38383	38529	37773	36405	36925	35390
2	68	27792	36319	33085	31757	30575	30494	29934	30879	31228	31674	32773	33713	34684	35680	35507	36839	37547	38787	39103	39243	38036	37999	38144	37396	36042	36556
2	69	26619	27393	35827	32646	31342	30182	30108	29561	30500	30851	31295	32386	33317	34278	35267	35098	36418	37120	38348	38663	38802	37609	37572	37718	36977	35639
2	70	26897	26190	26977	35293	32169	30892	29754	29688	29154	30084	30436	30881	31959	32879	33831	34810	34647	35951	36647	37861	38174	38312	37135	37099	37244	36512
2	71	26363	26414	25745	26527	34717	31651	30403	29291	29232	28711	29633	29986	30428	31492	32403	33344	34312	34154	35441	36129	37328	37639	37775	36615	36580	36723
2	72	24343	25836	25914	25265	26041	34094	31091	29873	28788	28735	28230	29142	29496	29934	30984	31884	32814	33769	33616	34886	35564	36746	37053	37187	36046	36010
2	73	22743	23812	25303	25388	24762	25529	33434	30500	29313	28254	28209	27719	28620	28973	29407	30443	31331	32247	33189	33042	34291	34959	36122	36424	36556	35435
2	74	23112	22198	23274	24741	24831	24228	24987	32735	29872	28716	27686	27649	27173	28063	28414	28844	29863	30739	31640	32566	32425	33652	34307	35451	35748	35877
2	75	22457	22498	21642	22699	24139	24234	23654	24402	31981	29192	28071	27071	27040	26581	27456	27805	28230	29231	30092	30977	31885	31749	32951	33595	34716	35007
2	76	21792	21798	21874	21051	22089	23497	23600	23043	23779	31175	28466	27381	26411	26387	25945	26803	27149	27569	28549	29394	30260	31150	31017	32192	32823	33918
2	77	21038	21080	21128	21213	20424	21440	22815	22925	22392	23114	30313	27689	26640	25703	25686	25261	26101	26442	26855	27812	28639	29484	30353	30225	31371	31985
2	78	20145	20271	20357	20416	20509	19755	20748	22088	22202	21692	22401	29386	26852	25842	24938	24928	24520	25341	25676	26080	27012	27817	28640	29486	29361	30475
2	79	19033	19317	19488	19584	19653	19755	19038	20004	21303	21422	20938	21630	28386	25945	24977	24110	24105	23716	24513	24841	25235	26140	26920	27719	28537	28417
2	80	17699	18150	18475	18654	18760	18841	18949	18270	19205	20461	20584	20127	20801	27307	24968	24043	23214	23214	22844	23615	23936	24317	25191	25945	26715	27504
2	81	16503	16777	17260	17589	17774	17890	17979	18094	17454	18357	19566	19692	19262	19915	26154	23922	23042	22253	22258	21907	22650	22960	23327	24167	24891	25631
2	82	16231	15537	15854	16328	16657	16849	16973	17069	17190	16590	17457	18614	18744	18341	18970	24924	22805	21971	21224	21233	20902	21613	21912	22263	23066	23757
2	83	14848	15162	14574	14889	15354	15680	15878	16009	16113	16237	15679	16507	17608	17738	17364	17966	23615	21614	20829	20125	20138	19827	20502	20788	21122	21885
2	84	13550	13747	14102	13574	13886	14338	14660	14860	14998	15106	15233	14719	15503	16545	16676	16330	16904	22226	20350	19614	18956	18972	18681	19318	19589	19903
2	85	12133	12419	12665	13012	12543	12850	13287	13604	13805	13946	14058	14187	13716	14455	15434	15564	15248	15789	20767	19019	18336	17724	17741	17471	18067	18321
2	86	10618	11000	11323	11567	11904	11493	11793	12212	12521	12721	12865	12979	13108	12680	13370	14284	14409	14122	14629	19247	17632	17002	16437	16455	16204	16758
2	87	9633	9503	9907	10215	10453	10778	10424	10713	11113	11412	11609	11751	11867	11993	11609	12247	13091	13211	12954	13423	17667	16188	15612	15095	15112	14882
2	88	8655	8497	8443	8815	9106	9336	9645	9346	9623	10001	10285	10478	10617	10732	10854	10513	11097	11866	11981	11751	12182	16039	14699	14177	13708	13724
2	89	7204	7518	7439	7403	7744	8017	8237	8529	8282	8544	8896	9164	9349	9484	9595	9712	9412	9940	10634	10743	10539	10928	14392	13193	12725	12304
2	90	6310	6152	6479	6421	6401	6709	6961	7168	7440	7241	7487	7810	8061	8235	8364	8469	8579	8319	8791	9408	9508	9330	9677	12747	11686	11272
2	91	5270	5293	5213	5499	5459	5453	5727	5957	6149	6399	6244	6471	6764	6994	7156	7277	7375	7476	7254	7669	8210	8300	8147	8451	11133	10207
2	92	4499	4331	4399	4341	4587	4562	4566	4807	5013	5189	5415	5298	5505	5767	5975	6123	6234	6323	6414	6227	6586	7053	7132	7002	7264	9570
2	93	3768	3607	3517	3579	3540	3747	3734	3746	3954	4135	4293	4494	4410	4595	4825	5010	5142	5242	5321	5402	5247	5551	5947	6014	5905	6127
2	94	3055	2940	2855	2790	2846	2821	2992	2988	3005	3181	3337	3476	3652	3595	3757	3955	4116	4231	4319	4388	4457	4331	4584	4912	4968	4878
2	95	1627	2316	2265	2204	2159	2207	2193	2331	2334	2353	2499	2631	2750	2900	2865	3004	3171	3307	3406	3481	3539	3597	3496	3701	3967	4012
2	96	1165	1196	1733	1699	1657	1627	1667	1661	1769	1776	1796	1914	2023	2123	2247	2229	2345	2483	2595	2678	2740	2788	2835	2756	2918	3128
2	97	918	829	868	1261	1239	1212	1193	1225	1224	1307	1315	1334	1427	1515	1597	1697	1691	1785	1896	1987	2054	2104	2142	2179	2119	2243
2	98	688	631	583	612	891	878	861	850	875	876	938	947	964	1035	1104	1169	1248	1249	1324	1411	1482	1535	1574	1603	1631	1586
2	99	479	457	429	398	418	611	603	593	587	606	608	653	662	676	729	781	831	892	897	955	1021	1075	1116	1145	1167	1187
2	100	326	306	300	282	263	276	405	401	395	392	406	409	440	448	459	497	536	573	619	625	669	717	757	788	809	825
2	101	197	200	194	190	179	168	177	260	258	255	254	263	266	287	293	302	328	356	383	416	423	454	489	517	540	555
2	102	110	117	123	119	117	111	104	110	162	161	160	159	165	168	182	186	193	210	230	249	272	278	300	324	344	360
2	103	69	62	69	72	70	69	66	62	65	97	96	96	96	99	102	110	113	118	129	142	155	171	176	190	207	220
2	104	38	37	34	38	40	39	39	37	35	37	55	55	55	55	57	59	63	65	69	76	84	92	102	106	115	126
2	105 - 109	45	39	39	36	37	38	40	40	39	37	38	48	53	55	57	59	61	66	68	72	78	86	96	108	116	128
2	110 and over	0	0	0	0	0	0	0	0	0	0	0	0	0	0	0	0	0	0	1	1	1	1	1	1	1	1
