Sex	Age	2014	2015	2016	2017	2018	2019	2020	2021	2022	2023	2024	2025	2026	2027	2028	2029	2030	2031	2032	2033	2034	2035	2036	2037	2038	2039
1	0	28913	28565	28345	28080	28147	28285	28382	28439	28454	28428	28367	28283	28155	27989	27806	27602	27389	27191	27013	26865	26729	26606	26514	26462	26439	26439
1	1	29337	29072	28661	28441	28177	28246	28387	28486	28543	28559	28534	28473	28390	28261	28094	27912	27707	27494	27296	27117	26969	26834	26710	26617	26566	26542
1	2	30424	29451	29117	28708	28487	28226	28298	28440	28539	28597	28614	28589	28528	28444	28314	28147	27966	27762	27548	27350	27171	27023	26887	26763	26669	26618
1	3	31184	30503	29467	29135	28725	28508	28248	28322	28463	28562	28621	28639	28614	28551	28467	28338	28170	27990	27785	27571	27373	27195	27047	26910	26786	26692
1	4	29656	31243	30507	29475	29142	28733	28517	28260	28333	28476	28575	28634	28652	28626	28564	28480	28350	28182	28003	27797	27583	27385	27206	27059	26922	26798
1	5	30352	29712	31251	30517	29486	29153	28746	28530	28274	28347	28490	28589	28648	28666	28640	28578	28494	28363	28196	28017	27811	27596	27397	27218	27072	26935
1	6	30378	30404	29722	31263	30529	29500	29167	28759	28544	28288	28361	28504	28605	28663	28680	28653	28592	28508	28378	28210	28031	27826	27609	27410	27231	27085
1	7	29262	30425	30414	29732	31275	30542	29514	29181	28774	28559	28303	28376	28520	28619	28677	28694	28668	28607	28522	28393	28225	28045	27840	27623	27423	27244
1	8	28610	29298	30429	30421	29738	31283	30552	29524	29190	28782	28568	28312	28385	28528	28626	28686	28702	28676	28615	28531	28401	28235	28055	27849	27632	27431
1	9	28635	28643	29301	30433	30427	29745	31290	30560	29530	29197	28789	28576	28319	28392	28534	28632	28692	28708	28683	28622	28538	28409	28243	28063	27856	27639
1	10	28184	28673	28653	29311	30445	30441	29759	31304	30574	29546	29212	28804	28590	28333	28406	28548	28647	28707	28723	28698	28637	28553	28424	28258	28078	27871
1	11	27029	28225	28687	28668	29327	30462	30461	29777	31322	30593	29564	29228	28821	28607	28350	28423	28565	28664	28724	28741	28716	28655	28571	28442	28276	28096
1	12	26889	27057	28224	28688	28670	29330	30466	30466	29782	31326	30597	29568	29231	28824	28612	28353	28427	28568	28668	28728	28746	28720	28659	28575	28445	28281
1	13	27929	26921	27061	28228	28694	28676	29337	30475	30475	29790	31334	30606	29577	29240	28832	28621	28362	28436	28577	28677	28738	28755	28729	28668	28583	28454
1	14	29027	27973	26936	27078	28245	28713	28695	29358	30496	30496	29810	31356	30628	29598	29261	28853	28641	28383	28457	28598	28698	28759	28776	28749	28689	28604
1	15	30060	29069	27984	26949	27090	28259	28727	28710	29373	30511	30512	29826	31372	30643	29615	29277	28869	28657	28399	28474	28615	28715	28776	28792	28765	28705
1	16	30657	30109	29086	28002	26968	27111	28280	28748	28731	29395	30532	30534	29848	31393	30665	29638	29300	28892	28680	28422	28497	28637	28737	28799	28815	28789
1	17	31830	30751	30162	29140	28054	27022	27165	28335	28803	28789	29453	30589	30593	29907	31451	30725	29697	29360	28952	28739	28480	28555	28696	28796	28858	28874
1	18	32612	32162	31007	30414	29390	28303	27266	27406	28579	29051	29040	29704	30846	30855	30167	31712	30989	29961	29619	29208	28994	28733	28808	28951	29051	29113
1	19	33734	33328	32744	31587	30983	29956	28860	27814	27948	29127	29609	29601	30268	31420	31438	30749	32294	31579	30542	30191	29777	29559	29297	29370	29514	29615
1	20	35028	34557	33975	33390	32225	31619	30586	29480	28423	28553	29741	30232	30225	30898	32061	32086	31392	32942	32230	31182	30826	30407	30187	29922	29993	30138
1	21	35258	35692	35023	34444	33858	32692	32086	31052	29939	28877	29004	30197	30692	30687	31364	32534	32563	31865	33418	32708	31654	31296	30873	30652	30384	30455
1	22	37784	35828	36029	35367	34789	34207	33045	32441	31406	30290	29224	29351	30548	31045	31041	31720	32893	32923	32226	33781	33072	32015	31655	31230	31008	30740
1	23	38453	38207	35986	36199	35541	34972	34396	33240	32639	31605	30489	29426	29556	30753	31250	31245	31924	33097	33125	32427	33986	33273	32217	31859	31435	31213
1	24	36695	38607	38089	35883	36106	35457	34898	34331	33179	32584	31554	30445	29387	29519	30714	31207	31200	31879	33047	33072	32375	33933	33216	32166	31810	31389
1	25	36179	36731	38383	37872	35679	35913	35273	34722	34159	33012	32421	31397	30292	29241	29374	30564	31054	31046	31723	32887	32910	32216	33770	33052	32007	31653
1	26	36253	36221	36537	38193	37685	35507	35750	35116	34568	34007	32863	32276	31255	30155	29107	29243	30429	30916	30909	31585	32745	32767	32075	33628	32907	31865
1	27	34898	36304	36059	36383	38037	37538	35370	35619	34987	34441	33883	32742	32159	31141	30043	28999	29135	30319	30804	30797	31472	32630	32651	31961	33511	32790
1	28	34875	34943	36157	35918	36246	37903	37410	35250	35502	34871	34327	33770	32632	32051	31035	29940	28898	29034	30216	30700	30695	31368	32525	32545	31857	33405
1	29	34277	34889	34788	36006	35770	36104	37765	37274	35119	35372	34742	34199	33644	32509	31929	30917	29824	28784	28920	30099	30584	30579	31251	32407	32426	31739
1	30	33152	34302	34760	34665	35883	35653	35993	37653	37164	35013	35267	34638	34097	33542	32410	31832	30822	29731	28693	28828	30008	30492	30487	31159	32313	32332
1	31	33589	33182	34195	34657	34564	35786	35560	35904	37562	37075	34927	35181	34554	34013	33460	32329	31753	30744	29657	28619	28754	29933	30418	30412	31083	32237
1	32	33800	33591	33065	34081	34544	34455	35680	35458	35802	37458	36971	34826	35081	34456	33916	33364	32234	31660	30653	29568	28532	28666	29845	30328	30323	30995
1	33	33945	33819	33505	32985	33999	34466	34381	35607	35386	35731	37384	36898	34757	35011	34388	33849	33297	32170	31595	30591	29507	28472	28605	29783	30267	30262
1	34	33300	33969	33750	33440	32922	33937	34408	34325	35550	35332	35675	37326	36843	34705	34957	34335	33798	33246	32120	31545	30543	29459	28425	28557	29734	30220
1	35	32397	33306	33893	33680	33368	32854	33872	34343	34261	35486	35269	35610	37262	36779	34643	34894	34275	33738	33187	32061	31488	30487	29404	28371	28502	29677
1	36	29842	32405	33242	33830	33620	33311	32800	33817	34289	34208	35433	35216	35558	37209	36728	34595	34843	34227	33690	33139	32014	31442	30442	29358	28327	28457
1	37	29753	29850	32345	33183	33773	33568	33260	32751	33768	34241	34160	35384	35169	35511	37161	36684	34553	34799	34184	33646	33096	31974	31401	30402	29319	28288
1	38	31344	29742	29782	32275	33116	33709	33507	33200	32692	33708	34182	34102	35325	35112	35454	37103	36629	34500	34744	34131	33593	33044	31923	31351	30352	29269
1	39	31368	31303	29654	29696	32187	33031	33625	33425	33119	32611	33627	34101	34023	35244	35033	35376	37024	36552	34425	34668	34055	33520	32971	31850	31279	30282
1	40	32149	31325	31214	29568	29611	32101	32946	33540	33343	33038	32530	33545	34020	33942	35162	34953	35296	36944	36473	34349	34591	33980	33446	32898	31780	31208
1	41	33967	32117	31252	31140	29498	29541	32030	32877	33471	33275	32972	32464	33478	33955	33878	35096	34889	35233	36879	36410	34291	34532	33921	33389	32843	31725
1	42	35725	33916	32033	31169	31057	29420	29464	31951	32799	33394	33200	32896	32390	33402	33882	33805	35022	34816	35162	36806	36340	34225	34464	33855	33323	32778
1	43	36863	35662	33825	31946	31083	30972	29340	29382	31867	32717	33313	33120	32818	32313	33324	33804	33728	34944	34741	35087	36730	36267	34154	34392	33786	33255
1	44	36585	36802	35577	33745	31870	31007	30898	29271	29311	31794	32646	33241	33050	32751	32246	33256	33738	33662	34876	34678	35024	36667	36206	34095	34333	33728
1	45	37998	36508	36701	35482	33653	31783	30921	30814	29190	29230	31711	32563	33160	32970	32672	32169	33179	33661	33586	34800	34604	34950	36593	36136	34026	34264
1	46	38731	37907	36400	36595	35380	33556	31691	30830	30724	29104	29144	31623	32476	33073	32884	32587	32088	33096	33578	33504	34717	34525	34871	36514	36059	33952
1	47	39506	38633	37794	36295	36488	35278	33461	31601	30740	30636	29019	29061	31536	32390	32988	32801	32505	32008	33015	33497	33425	34637	34448	34795	36436	35985
1	48	38983	39393	38510	37677	36183	36376	35173	33363	31506	30648	30545	28932	28973	31445	32301	32901	32713	32420	31926	32931	33414	33343	34554	34367	34716	36354
1	49	40584	38875	39273	38396	37567	36080	36274	35077	33272	31420	30565	30462	28854	28895	31364	32222	32820	32636	32345	31852	32856	33340	33270	34480	34297	34645
1	50	39732	40478	38766	39164	38294	37469	35990	36184	34994	33192	31346	30493	30390	28787	28829	31293	32153	32753	32571	32282	31791	32794	33279	33210	34419	34238
1	51	39875	39627	40364	38663	39062	38199	37379	35906	36101	34916	33120	31278	30426	30324	28726	28768	31228	32092	32692	32513	32226	31737	32739	33225	33158	34366
1	52	39351	39749	39500	40240	38548	38949	38092	37278	35813	36009	34830	33039	31201	30353	30251	28659	28701	31158	32023	32624	32447	32163	31675	32677	33163	33098
1	53	38243	39199	39597	39356	40098	38418	38820	37971	37162	35705	35902	34729	32943	31113	30267	30165	28579	28622	31074	31940	32543	32370	32086	31600	32601	33088
1	54	37187	38077	39033	39436	39202	39948	38279	38683	37842	37038	35589	35787	34621	32841	31017	30175	30073	28494	28537	30985	31852	32457	32286	32003	31520	32519
1	55	36592	36999	37891	38849	39258	39030	39778	38123	38529	37695	36897	35456	35656	34499	32726	30908	30069	29970	28397	28441	30884	31752	32357	32189	31908	31427
1	56	35552	36389	36803	37696	38656	39070	38851	39600	37960	38367	37541	36749	35316	35519	34369	32605	30794	29958	29861	28295	28340	30778	31646	32251	32086	31808
1	57	34895	35345	36187	36608	37502	38465	38886	38674	39425	37797	38206	37388	36603	35180	35384	34241	32485	30683	29851	29753	28198	28243	30673	31543	32148	31986
1	58	33754	34667	35129	35974	36401	37298	38263	38688	38484	39237	37621	38032	37224	36445	35031	35237	34102	32355	30564	29735	29638	28092	28138	30560	31431	32037
1	59	32194	33496	34421	34887	35734	36167	37066	38033	38461	38265	39020	37419	37831	37032	36261	34857	35065	33939	32203	30422	29598	29501	27965	28012	30426	31296
1	60	31896	31922	33231	34157	34630	35479	35918	36819	37787	38220	38030	38787	37201	37615	36826	36063	34670	34880	33764	32038	30268	29448	29354	27828	27876	30279
1	61	31236	31599	31647	32954	33881	34362	35212	35656	36557	37526	37964	37782	38539	36969	37385	36606	35851	34469	34681	33576	31861	30102	29288	29196	27680	27728
1	62	30105	30914	31297	31355	32658	33587	34074	34924	35374	36274	37244	37684	37511	38269	36717	37134	36365	35619	34249	34463	33368	31667	29921	29112	29021	27517
1	63	30290	29762	30587	30978	31046	32346	33277	33769	34619	35074	35973	36943	37386	37222	37980	36446	36864	36106	35369	34012	34227	33144	31458	29724	28921	28834
1	64	30600	29915	29420	30248	30645	30724	32020	32951	33449	34299	34758	35657	36626	37073	36917	37676	36161	36578	35832	35105	33762	33978	32908	31236	29516	28719
1	65	31190	30187	29543	29066	29894	30299	30387	31680	32611	33113	33962	34425	35323	36292	36743	36595	37353	35858	36276	35541	34825	33496	33713	32655	31000	29295
1	66	31986	30712	29759	29136	28677	29507	29918	30016	31305	32234	32739	33587	34055	34951	35919	36372	36234	36991	35516	35934	35212	34506	33193	33413	32368	30729
1	67	34396	31431	30220	29297	28697	28256	29085	29503	29610	30891	31818	32326	33173	33643	34539	35504	35960	35830	36586	35133	35552	34843	34149	32852	33074	32044
1	68	26017	33729	30872	29698	28804	28227	27806	28634	29056	29173	30447	31370	31878	32721	33192	34087	35046	35506	35385	36138	34710	35128	34434	33752	32475	32699
1	69	24005	25452	33062	30280	29143	28280	27728	27325	28152	28579	28706	29970	30885	31391	32229	32703	33594	34548	35009	34897	35647	34245	34665	33985	33318	32061
1	70	24560	23429	24893	32360	29655	28558	27726	27199	26817	27641	28074	28208	29458	30362	30870	31704	32180	33066	34014	34475	34373	35120	33745	34166	33501	32850
1	71	22961	23908	22858	24302	31618	28993	27937	27139	26637	26276	27098	27534	27675	28910	29807	30316	31145	31622	32503	33444	33906	33813	34556	33209	33631	32983
1	72	20722	22284	23261	22255	23680	30834	28293	27279	26515	26039	25700	26517	26956	27105	28327	29217	29726	30549	31026	31901	32835	33296	33213	33951	32634	33057
1	73	18871	20051	21622	22589	21627	23030	30014	27559	26587	25858	25408	25091	25902	26344	26501	27708	28590	29099	29916	30393	31260	32184	32645	32572	33304	32019
1	74	19059	18211	19407	20947	21902	20985	22364	29170	26805	25874	25180	24757	24462	25266	25710	25875	27065	27938	28447	29255	29733	30592	31505	31966	31903	32629
1	75	18503	18323	17565	18735	20241	21181	20311	21665	28283	26007	25121	24462	24066	23793	24589	25034	25208	26380	27242	27749	28548	29025	29874	30775	31234	31181
1	76	17736	17722	17612	16899	18042	19511	20435	19613	20937	27357	25175	24334	23711	23341	23092	23877	24322	24505	25656	26505	27011	27799	28274	29112	30000	30458
1	77	16146	16922	16978	16889	16221	17335	18765	19671	18897	20190	26404	24317	23522	22936	22593	22366	23141	23583	23774	24902	25738	26242	27019	27490	28316	29191
1	78	15326	15328	16138	16210	16142	15520	16602	17990	18877	18151	19410	25406	23418	22669	22121	21805	21601	22363	22804	23000	24103	24924	25424	26188	26655	27466
1	79	14229	14464	14538	15327	15414	15367	14790	15840	17180	18046	17369	18590	24359	22470	21769	21259	20970	20788	21536	21973	22175	23250	24055	24549	25299	25761
1	80	12878	13341	13638	13729	14495	14596	14568	14037	15050	16341	17184	16555	17735	23263	21479	20825	20354	20092	19932	20663	21096	21302	22349	23135	23622	24356
1	81	11713	11988	12500	12801	12907	13647	13761	13752	13265	14240	15479	16295	15716	16853	22130	20452	19847	19416	19181	19041	19755	20181	20392	21407	22171	22650
1	82	10938	10813	11147	11646	11950	12069	12780	12906	12914	12472	13405	14590	15377	14848	15939	20952	19384	18828	18434	18226	18107	18801	19219	19434	20414	21154
1	83	9747	9998	9965	10295	10779	11084	11215	11894	12031	12055	11658	12546	13673	14429	13950	14992	19730	18272	17765	17410	17228	17131	17802	18211	18428	19369
1	84	8348	8813	9124	9116	9440	9907	10210	10350	10996	11141	11180	10827	11668	12734	13455	13025	14015	18468	17120	16665	16348	16192	16114	16759	17158	17375
1	85	7278	7460	7955	8258	8273	8590	9037	9335	9483	10094	10244	10297	9987	10778	11780	12466	12083	13018	17175	15942	15535	15255	15124	15066	15682	16068
1	86	6022	6417	6651	7113	7406	7441	7747	8173	8465	8618	9191	9345	9409	9141	9880	10814	11462	11125	12003	15856	14739	14378	14135	14028	13988	14573
1	87	5219	5231	5645	5868	6295	6575	6628	6922	7323	7606	7763	8295	8451	8525	8297	8982	9848	10454	10162	10979	14522	13520	13205	12996	12912	12888
1	88	4448	4467	4537	4912	5124	5515	5780	5848	6127	6502	6772	6930	7422	7577	7658	7467	8098	8893	9456	9207	9961	13193	12302	12030	11854	11791
1	89	3623	3748	3820	3892	4227	4426	4781	5029	5108	5370	5717	5971	6127	6579	6731	6816	6658	7235	7959	8477	8267	8959	11884	11099	10868	10723
1	90	3053	2999	3153	3224	3296	3593	3776	4095	4324	4410	4653	4971	5209	5360	5770	5917	6005	5876	6399	7052	7524	7350	7979	10603	9916	9723
1	91	2249	2474	2475	2611	2680	2750	3009	3176	3459	3668	3757	3980	4268	4488	4632	4999	5139	5227	5125	5593	6176	6602	6461	7026	9352	8759
1	92	1866	1780	1998	2006	2124	2188	2255	2478	2627	2875	3063	3152	3354	3611	3811	3946	4271	4402	4488	4410	4823	5337	5717	5606	6107	8143
1	93	1401	1439	1403	1581	1593	1694	1753	1814	2003	2134	2348	2514	2601	2780	3007	3186	3310	3594	3714	3796	3739	4099	4546	4880	4795	5233
1	94	985	1050	1105	1081	1223	1238	1322	1375	1430	1587	1700	1881	2025	2107	2264	2460	2618	2730	2974	3082	3159	3119	3428	3811	4100	4037
1	95	487	716	784	828	813	924	939	1008	1054	1102	1230	1325	1476	1598	1673	1808	1975	2111	2210	2416	2512	2582	2556	2817	3140	3386
1	96	324	343	519	571	605	596	681	695	750	789	830	932	1011	1133	1235	1302	1415	1555	1670	1756	1927	2010	2072	2057	2273	2541
1	97	235	221	242	367	405	431	426	489	502	545	577	611	690	754	851	935	993	1086	1200	1296	1369	1508	1578	1632	1625	1801
1	98	140	155	151	166	252	279	298	296	342	353	386	411	438	499	549	625	692	740	815	906	984	1045	1156	1214	1260	1258
1	99	105	89	102	100	110	168	187	200	200	232	241	266	285	306	351	390	447	500	539	598	669	731	780	867	914	952
1	100	65	64	57	65	64	71	108	121	130	131	153	159	177	191	207	240	269	311	351	382	427	481	529	568	634	671
1	101	34	38	39	35	40	39	44	67	75	81	82	97	101	114	124	135	158	179	210	239	263	296	336	372	402	451
1	102	18	19	22	23	20	23	23	26	40	45	49	50	59	62	71	77	85	101	115	137	157	175	199	228	254	276
1	103	10	9	10	12	13	11	13	13	15	23	26	28	29	34	36	42	46	52	62	71	86	100	113	129	150	168
1	104	4	5	5	5	6	7	6	7	7	8	12	14	15	16	19	20	24	26	30	37	42	52	61	70	81	95
1	105 - 109	2	3	3	3	3	4	5	5	6	6	7	9	11	12	13	16	19	22	25	28	35	42	52	64	76	91
1	110 and over	0	0	0	0	0	0	0	0	0	0	0	0	0	0	0	0	0	0	0	0	0	0	0	0	0	0
2	0	27384	27213	27003	26751	26815	26944	27037	27093	27105	27080	27023	26943	26821	26661	26488	26293	26092	25902	25733	25589	25460	25343	25256	25205	25186	25185
2	1	28115	27533	27304	27096	26844	26912	27042	27137	27194	27206	27182	27125	27045	26924	26763	26590	26394	26193	26003	25834	25690	25560	25442	25355	25306	25288
2	2	28804	28233	27589	27362	27155	26905	26974	27105	27200	27258	27270	27247	27191	27109	26988	26827	26653	26457	26256	26065	25896	25753	25622	25505	25418	25369
2	3	29823	28907	28280	27638	27411	27206	26956	27026	27158	27253	27311	27323	27299	27243	27160	27041	26879	26706	26509	26309	26117	25949	25805	25674	25556	25469
2	4	28590	29911	28944	28318	27677	27452	27247	26998	27068	27200	27295	27353	27365	27341	27285	27202	27083	26921	26748	26551	26351	26158	25990	25846	25714	25596
2	5	29424	28666	29942	28977	28352	27710	27486	27282	27033	27102	27235	27330	27388	27400	27376	27320	27237	27118	26955	26783	26588	26387	26194	26026	25882	25749
2	6	29276	29489	28692	29969	29005	28380	27738	27515	27310	27060	27130	27263	27358	27416	27430	27406	27350	27266	27147	26984	26812	26618	26416	26223	26055	25911
2	7	27994	29326	29507	28710	29989	29026	28401	27759	27536	27331	27082	27152	27285	27380	27438	27452	27428	27372	27288	27169	27006	26834	26640	26437	26243	26076
2	8	27547	28038	29341	29525	28728	30007	29046	28421	27777	27556	27351	27101	27171	27304	27399	27458	27471	27448	27392	27307	27188	27025	26853	26659	26456	26262
2	9	27107	27585	28049	29355	29540	28743	30023	29063	28437	27794	27573	27368	27117	27188	27321	27415	27476	27488	27464	27408	27324	27204	27041	26869	26675	26472
2	10	26496	27142	27595	28060	29368	29551	28755	30036	29077	28451	27808	27586	27381	27131	27201	27335	27428	27489	27501	27476	27421	27337	27217	27054	26882	26689
2	11	26013	26527	27148	27604	28069	29376	29561	28765	30046	29087	28463	27819	27597	27392	27141	27211	27345	27438	27499	27512	27487	27432	27349	27227	27065	26893
2	12	25884	26038	26530	27151	27609	28075	29382	29567	28772	30053	29095	28471	27826	27604	27398	27147	27217	27351	27445	27507	27520	27494	27439	27356	27234	27072
2	13	27062	25907	26036	26529	27149	27610	28075	29383	29568	28773	30055	29096	28473	27827	27605	27399	27148	27218	27352	27445	27508	27520	27495	27441	27358	27236
2	14	27349	27088	25908	26037	26530	27151	27613	28079	29387	29572	28779	30061	29102	28479	27832	27609	27402	27152	27223	27356	27449	27512	27524	27499	27446	27363
2	15	28545	27387	27099	25921	26050	26544	27166	27629	28095	29403	29588	28796	30078	29119	28495	27847	27624	27417	27169	27240	27373	27466	27528	27541	27516	27463
2	16	29163	28592	27405	27119	25941	26070	26564	27187	27650	28117	29426	29613	28819	30101	29143	28518	27871	27647	27439	27192	27264	27395	27489	27551	27564	27539
2	17	30251	29267	28655	27467	27182	26005	26132	26626	27251	27715	28183	29494	29683	28889	30171	29215	28589	27940	27714	27506	27259	27330	27461	27556	27618	27631
2	18	30968	30732	29659	29039	27847	27555	26375	26494	26989	27620	28091	28565	29880	30081	29288	30565	29619	28984	28329	28097	27887	27639	27708	27839	27936	28000
2	19	33033	32003	31597	30517	29881	28677	28371	27182	27289	27789	28432	28914	29396	30729	30946	30151	31429	30489	29839	29173	28931	28716	28465	28532	28663	28763
2	20	34563	34146	32886	32477	31386	30744	29526	29212	28010	28111	28618	29270	29761	30251	31604	31830	31027	32315	31370	30709	30031	29784	29566	29311	29375	29507
2	21	35723	35401	34726	33466	33056	31967	31324	30102	29784	28577	28676	29185	29841	30336	30830	32191	32421	31614	32907	31960	31293	30612	30362	30142	29884	29948
2	22	38871	36379	35759	35092	33833	33433	32347	31709	30487	30169	28961	29061	29572	30228	30724	31217	32581	32810	32002	33297	32348	31680	30999	30749	30529	30271
2	23	38606	39165	36346	35753	35094	33850	33462	32387	31758	30541	30231	29026	29134	29644	30295	30787	31276	32634	32855	32046	33344	32389	31728	31052	30807	30589
2	24	36646	38521	38757	35965	35397	34754	33530	33158	32092	31475	30268	29968	28774	28889	29394	30037	30521	31003	32351	32561	31756	33049	32092	31442	30775	30536
2	25	35995	36563	38155	38395	35623	35075	34444	33236	32869	31812	31202	30005	29710	28526	28642	29142	29781	30258	30737	32074	32279	31478	32766	31809	31167	30506
2	26	36648	36010	36347	37942	38180	35424	34887	34264	33061	32699	31646	31040	29849	29557	28377	28495	28993	29628	30103	30578	31912	32113	31314	32599	31641	31006
2	27	35933	36703	35868	36212	37803	38047	35301	34773	34150	32952	32592	31542	30938	29752	29461	28284	28404	28899	29533	30006	30479	31810	32008	31211	32495	31538
2	28	35421	36012	36608	35780	36125	37719	37965	35228	34702	34081	32886	32527	31478	30877	29691	29402	28228	28349	28842	29475	29948	30420	31749	31947	31150	32433
2	29	35683	35493	35936	36535	35709	36059	37654	37903	35171	34645	34025	32833	32474	31428	30826	29641	29353	28181	28302	28795	29427	29900	30371	31698	31896	31101
2	30	34586	35755	35435	35882	36482	35661	36013	37610	37859	35129	34604	33984	32793	32434	31389	30788	29604	29316	28145	28267	28759	29392	29863	30334	31660	31859
2	31	35202	34664	35722	35407	35855	36459	35641	35995	37592	37842	35112	34587	33966	32776	32416	31372	30771	29587	29298	28128	28250	28742	29375	29847	30319	31644
2	32	35934	35275	34642	35702	35389	35841	36447	35631	35986	37582	37834	35104	34578	33956	32766	32407	31362	30762	29578	29288	28118	28240	28731	29364	29838	30310
2	33	35334	35991	35252	34620	35680	35371	35825	36433	35617	35972	37569	37822	35092	34564	33942	32752	32394	31348	30749	29564	29273	28104	28225	28716	29350	29825
2	34	34655	35389	35976	35238	34606	35669	35362	35818	36427	35611	35965	37562	37817	35087	34557	33935	32745	32387	31341	30742	29556	29265	28096	28216	28708	29343
2	35	33126	34723	35395	35985	35248	34619	35682	35376	35833	36442	35628	35981	37578	37835	35106	34573	33951	32761	32401	31355	30756	29570	29278	28108	28227	28719
2	36	31341	33186	34729	35404	35996	35260	34633	35696	35391	35848	36456	35644	35997	37594	37853	35123	34589	33967	32776	32414	31370	30770	29583	29291	28120	28240
2	37	30293	31380	33176	34722	35399	35992	35258	34633	35695	35391	35846	36455	35643	35997	37595	37854	35125	34589	33968	32776	32415	31370	30770	29583	29291	28119
2	38	32403	30321	31362	33160	34708	35386	35981	35249	34622	35685	35381	35836	36444	35634	35987	37585	37845	35119	34583	33960	32769	32408	31363	30763	29576	29284
2	39	33020	32419	30299	31339	33137	34687	35367	35963	35231	34604	35667	35363	35818	36426	35618	35970	37568	37829	35105	34569	33946	32755	32394	31349	30749	29563
2	40	33179	33030	32394	30276	31314	33114	34665	35346	35942	35212	34583	35647	35343	35799	36406	35600	35952	37548	37810	35088	34552	33929	32739	32378	31333	30734
2	41	35381	33195	33011	32377	30261	31299	33099	34651	35334	35930	35200	34572	35636	35333	35789	36395	35591	35943	37539	37802	35082	34544	33921	32733	32371	31327
2	42	38075	35390	33176	32992	32358	30244	31282	33084	34636	35321	35917	35188	34561	35623	35323	35778	36384	35582	35934	37531	37794	35075	34536	33913	32727	32364
2	43	39781	38073	35363	33151	32966	32335	30223	31260	33061	34615	35300	35897	35169	34543	35603	35305	35760	36367	35566	35919	37515	37779	35063	34523	33900	32715
2	44	39213	39771	38042	35334	33123	32941	32312	30201	31237	33038	34592	35279	35877	35150	34524	35584	35288	35742	36350	35549	35902	37498	37762	35049	34510	33887
2	45	40706	39198	39733	38008	35302	33096	32912	32285	30177	31211	33011	34566	35255	35854	35128	34502	35561	35268	35721	36330	35530	35884	37478	37744	35034	34495
2	46	41544	40687	39163	39698	37976	35274	33070	32885	32259	30154	31187	32986	34543	35232	35832	35108	34482	35540	35249	35702	36312	35514	35867	37461	37728	35022
2	47	41388	41510	40641	39118	39653	37934	35237	33036	32851	32226	30123	31154	32953	34510	35201	35802	35080	34454	35512	35222	35676	36286	35490	35842	37436	37704
2	48	41419	41346	41454	40588	39067	39604	37888	35197	32998	32813	32189	30089	31117	32915	34475	35167	35768	35048	34424	35481	35193	35647	36257	35462	35813	37406
2	49	42736	41372	41285	41395	40532	39016	39553	37842	35155	32958	32774	32151	30054	31081	32879	34439	35132	35732	35016	34393	35448	35163	35617	36227	35433	35785
2	50	42569	42676	41306	41219	41331	40473	38960	39498	37793	35109	32916	32731	32110	30017	31042	32838	34399	35093	35694	34980	34357	35412	35129	35583	36194	35403
2	51	42219	42503	42603	41239	41154	41268	40415	38906	39443	37743	35064	32873	32688	32069	29979	31002	32797	34359	35055	35656	34945	34322	35377	35096	35550	36161
2	52	40847	42149	42428	42530	41173	41088	41205	40355	38850	39388	37693	35020	32831	32645	32028	29942	30964	32758	34320	35018	35618	34911	34288	35343	35065	35517
2	53	40041	40758	42051	42333	42438	41086	41005	41123	40278	38777	39316	37626	34958	32773	32588	31973	29892	30913	32706	34266	34965	35565	34862	34239	35293	35017
2	54	38522	39924	40636	41929	42214	42323	40976	40898	41018	40179	38681	39220	37536	34876	32696	32511	31899	29824	30843	32632	34192	34892	35492	34791	34171	35223
2	55	38639	38401	39794	40509	41802	42088	42202	40861	40785	40908	40073	38578	39118	37441	34790	32615	32431	31822	29753	30768	32555	34114	34814	35416	34717	34099
2	56	37488	38506	38271	39662	40378	41672	41959	42077	40743	40670	40794	39963	38475	39013	37344	34702	32533	32349	31743	29679	30694	32478	34035	34736	35338	34642
2	57	36344	37343	38359	38129	39518	40237	41529	41820	41940	40615	40543	40669	39843	38361	38900	37237	34605	32442	32259	31657	29600	30612	32392	33949	34650	35251
2	58	35232	36179	37176	38193	37969	39355	40075	41365	41659	41782	40465	40395	40523	39701	38228	38766	37111	34489	32335	32153	31554	29505	30514	32292	33845	34547
2	59	33918	35052	36000	36996	38012	37795	39178	39897	41185	41483	41608	40300	40233	40362	39547	38082	38618	36973	34362	32216	32035	31441	29400	30405	32180	33730
2	60	33317	33740	34875	35822	36817	37833	37623	39002	39722	41009	41309	41436	40138	40073	40204	39396	37939	38474	36838	34238	32102	31920	31331	29299	30300	32070
2	61	32805	33129	33558	34690	35637	36633	37648	37444	38819	39539	40824	41126	41257	39968	39905	40039	39237	37788	38323	36698	34108	31982	31800	31216	29193	30191
2	62	31633	32593	32923	33355	34484	35432	36427	37441	37243	38614	39335	40617	40921	41056	39776	39716	39852	39057	37618	38153	36536	33960	31844	31663	31083	29072
2	63	32033	31402	32365	32698	33133	34260	35207	36201	37213	37022	38387	39109	40387	40694	40832	39562	39507	39644	38857	37427	37963	36355	33794	31690	31511	30935
2	64	31886	31763	31151	32112	32449	32885	34009	34956	35948	36958	36773	38133	38855	40129	40438	40578	39320	39269	39408	38630	37211	37746	36151	33605	31513	31336
2	65	32839	31583	31477	30876	31834	32175	32614	33734	34679	35669	36676	36497	37851	38572	39841	40152	40297	39050	39002	39145	38375	36968	37503	35921	33393	31316
2	66	33885	32494	31269	31170	30581	31537	31880	32321	33437	34380	35367	36371	36199	37547	38266	39531	39844	39992	38758	38714	38861	38099	36705	37238	35671	33162
2	67	36794	33486	32135	30931	30839	30262	31215	31561	32004	33114	34056	35039	36039	35874	37213	37931	39190	39506	39657	38438	38397	38548	37795	36416	36949	35395
2	68	27792	36315	33084	31756	30573	30489	29926	30873	31222	31667	32772	33710	34688	35682	35523	36854	37571	38823	39142	39296	38093	38057	38211	37468	36104	36637
2	69	26619	27390	35828	32649	31346	30185	30110	29560	30504	30855	31302	32400	33331	34301	35291	35138	36462	37176	38421	38743	38899	37713	37683	37840	37108	35762
2	70	26897	26189	26977	35301	32179	30902	29765	29699	29164	30101	30455	30904	31992	32913	33879	34863	34717	36033	36744	37981	38305	38465	37297	37272	37431	36712
2	71	26363	26411	25749	26533	34734	31671	30422	29311	29255	28735	29666	30023	30471	31550	32464	33424	34401	34264	35568	36278	37505	37831	37995	36847	36828	36990
2	72	24343	25834	25917	25276	26054	34122	31122	29904	28822	28774	28270	29195	29555	30003	31072	31980	32932	33903	33773	35066	35772	36990	37318	37486	36359	36346
2	73	22743	23810	25307	25398	24780	25551	33476	30547	29360	28306	28268	27782	28700	29062	29510	30569	31470	32413	33376	33256	34536	35238	36445	36775	36947	35843
2	74	23112	22196	23279	24753	24851	24254	25019	32794	29938	28785	27760	27732	27264	28173	28538	28986	30033	30927	31862	32817	32707	33973	34670	35864	36198	36372
2	75	22457	22496	21648	22713	24162	24266	23694	24451	32063	29282	28165	27172	27154	26705	27605	27971	28419	29454	30339	31265	32210	32110	33361	34053	35233	35570
2	76	21792	21796	21882	21067	22113	23533	23645	23098	23846	31283	28584	27505	26545	26538	26108	26998	27364	27812	28834	29709	30625	31558	31470	32704	33391	34557
2	77	21038	21079	21137	21232	20453	21476	22867	22988	22466	23205	30455	27841	26801	25877	25880	25471	26349	26716	27164	28171	29035	29939	30860	30783	31999	32680
2	78	20145	20269	20368	20437	20541	19797	20799	22159	22286	21790	22519	29569	27045	26046	25160	25173	24786	25650	26018	26463	27454	28306	29198	30106	30040	31236
2	79	19033	19315	19501	19610	19691	19804	19098	20075	21398	21533	21066	21781	28618	26189	25234	24387	24411	24047	24896	25264	25706	26679	27517	28394	29287	29233
2	80	17699	18149	18489	18684	18804	18896	19018	18350	19301	20587	20728	20291	20992	27599	25271	24361	23556	23591	23251	24083	24451	24889	25841	26665	27524	28401
2	81	16503	16776	17277	17619	17822	17954	18055	18187	17560	18481	19726	19874	19467	20153	26514	24293	23432	22671	22717	22401	23215	23579	24013	24944	25752	26591
2	82	16231	15537	15870	16366	16708	16919	17060	17172	17311	16727	17616	18817	18970	18595	19264	25364	23255	22446	21729	21786	21495	22288	22649	23078	23984	24773
2	83	14848	15161	14595	14926	15412	15755	15973	16123	16244	16390	15851	16705	17859	18017	17675	18325	24147	22154	21398	20728	20796	20531	21301	21658	22081	22960
2	84	13550	13747	14124	13616	13945	14420	14761	14985	15142	15273	15425	14930	15749	16852	17014	16705	17334	22861	20990	20289	19667	19745	19508	20251	20604	21019
2	85	12133	12417	12687	13057	12607	12932	13394	13732	13960	14125	14263	14420	13972	14752	15801	15966	15691	16295	21511	19768	19122	18551	18638	18427	19143	19490
2	86	10618	10999	11344	11612	11972	11581	11900	12348	12680	12910	13081	13225	13387	12985	13724	14715	14883	14642	15219	20110	18500	17910	17389	17486	17302	17987
2	87	9633	9501	9929	10259	10522	10870	10537	10848	11280	11604	11834	12009	12159	12322	11968	12662	13592	13762	13554	14103	18655	17178	16646	16177	16282	16124
2	88	8655	8496	8461	8858	9171	9427	9761	9484	9785	10196	10510	10738	10915	11069	11232	10923	11572	12438	12607	12432	12950	17152	15809	15336	14919	15030
2	89	7204	7516	7457	7440	7805	8099	8347	8665	8440	8730	9118	9420	9644	9820	9976	10137	9873	10474	11273	11441	11297	11782	15625	14419	14004	13638
2	90	6310	6152	6496	6457	6456	6788	7062	7298	7598	7422	7698	8061	8348	8566	8739	8893	9052	8830	9381	10112	10277	10162	10612	14093	13023	12664
2	91	5270	5293	5232	5535	5512	5524	5823	6076	6298	6578	6446	6705	7042	7312	7521	7689	7839	7993	7810	8311	8973	9133	9045	9459	12580	11641
2	92	4499	4331	4417	4375	4638	4629	4651	4917	5148	5354	5612	5519	5760	6068	6319	6517	6677	6822	6969	6822	7272	7865	8018	7954	8331	11097
2	93	3768	3607	3533	3611	3586	3810	3813	3842	4075	4282	4471	4705	4645	4866	5144	5374	5558	5709	5846	5985	5870	6269	6793	6938	6895	7234
2	94	3055	2940	2870	2818	2888	2876	3064	3075	3108	3309	3492	3662	3871	3838	4037	4285	4492	4660	4800	4927	5056	4970	5319	5775	5910	5885
2	95	1627	2316	2278	2229	2195	2256	2253	2408	2424	2459	2630	2788	2938	3121	3110	3286	3503	3686	3837	3964	4080	4197	4136	4436	4827	4951
2	96	1165	1196	1744	1720	1688	1667	1719	1722	1847	1866	1901	2043	2177	2307	2464	2469	2622	2808	2967	3100	3213	3317	3421	3380	3634	3964
2	97	918	829	874	1278	1264	1245	1233	1276	1283	1382	1402	1435	1550	1661	1771	1904	1919	2049	2206	2341	2456	2555	2645	2736	2711	2922
2	98	688	631	588	621	911	904	893	888	922	931	1008	1027	1057	1148	1238	1329	1438	1459	1568	1697	1810	1907	1991	2068	2146	2133
2	99	479	457	433	405	429	631	628	623	622	648	658	715	733	758	829	900	974	1061	1085	1173	1278	1370	1450	1520	1585	1650
2	100	326	306	303	288	270	287	424	423	422	423	442	451	493	508	529	583	638	696	764	788	858	940	1014	1079	1136	1189
2	101	197	200	196	194	185	174	186	276	277	277	279	293	301	331	343	359	399	441	485	537	559	613	676	734	785	831
2	102	110	117	124	122	121	116	109	117	175	176	177	179	189	195	216	226	238	267	298	330	369	388	429	477	521	560
2	103	69	62	69	74	73	72	70	66	71	107	108	109	111	118	122	136	144	152	173	195	218	246	261	291	327	359
2	104	38	37	35	39	42	41	41	40	38	41	62	63	64	66	70	73	82	88	93	107	122	138	158	169	191	216
2	105 - 109	45	39	39	37	39	42	42	42	42	41	43	56	63	69	72	77	81	89	98	106	121	139	161	187	212	242
2	110 and over	0	0	0	0	0	0	0	0	0	0	0	0	0	0	0	0	1	1	1	1	1	1	1	2	3	4
