Sex	Age	2014	2015	2016	2017	2018	2019	2020	2021	2022	2023	2024	2025	2026	2027	2028	2029	2030	2031	2032	2033	2034	2035	2036	2037	2038	2039
1	0	28913	28602	28476	28317	28499	28755	28975	29162	29304	29404	29469	29509	29496	29438	29358	29245	29115	28988	28875	28788	28702	28622	28571	28561	28579	28620
1	1	29337	29099	28754	28629	28471	28657	28915	29137	29324	29467	29569	29635	29674	29662	29604	29524	29411	29281	29155	29042	28955	28869	28789	28737	28727	28747
1	2	30424	29483	29208	28863	28740	28584	28771	29032	29256	29443	29586	29688	29754	29793	29781	29723	29643	29530	29400	29275	29161	29074	28988	28907	28856	28846
1	3	31184	30531	29556	29282	28938	28816	28662	28851	29112	29336	29523	29668	29769	29836	29875	29862	29804	29724	29612	29483	29358	29242	29155	29069	28988	28937
1	4	29656	31269	30586	29614	29340	28998	28875	28724	28915	29175	29399	29587	29731	29833	29901	29939	29927	29867	29789	29676	29547	29421	29305	29218	29132	29052
1	5	30352	29735	31321	30640	29670	29397	29056	28934	28783	28974	29234	29457	29646	29790	29892	29960	29998	29987	29926	29849	29736	29607	29481	29366	29278	29192
1	6	30378	30425	29784	31371	30692	29725	29450	29110	28988	28836	29027	29287	29510	29700	29844	29947	30015	30053	30042	29981	29904	29791	29663	29537	29421	29333
1	7	29262	30442	30471	29831	31417	30743	29774	29500	29159	29037	28885	29076	29337	29559	29750	29894	29998	30065	30103	30092	30033	29955	29843	29714	29588	29472
1	8	28610	29314	30478	30509	29868	31456	30782	29814	29540	29199	29076	28924	29115	29376	29598	29790	29934	30038	30106	30144	30133	30074	29996	29884	29755	29629
1	9	28635	28657	29345	30511	30543	29903	31491	30819	29849	29575	29234	29111	28960	29150	29412	29635	29827	29971	30076	30144	30182	30171	30112	30034	29921	29791
1	10	28184	28687	28694	29383	30551	30585	29945	31534	30862	29891	29617	29276	29153	29002	29192	29456	29679	29870	30014	30119	30187	30225	30214	30155	30077	29964
1	11	27029	28239	28726	28734	29425	30594	30630	29990	31580	30907	29936	29661	29320	29198	29046	29238	29502	29725	29915	30059	30165	30232	30270	30259	30200	30124
1	12	26889	27070	28265	28753	28762	29454	30624	30662	30021	31612	30940	29967	29691	29351	29229	29077	29269	29533	29756	29946	30091	30197	30265	30302	30291	30232
1	13	27929	26934	27099	28294	28783	28793	29485	30657	30694	30054	31647	30975	30000	29724	29385	29262	29110	29304	29566	29790	29980	30125	30231	30299	30336	30325
1	14	29027	27987	26976	27142	28337	28828	28838	29531	30703	30740	30100	31693	31022	30047	29771	29433	29309	29157	29351	29614	29838	30028	30173	30279	30347	30384
1	15	30060	29083	28025	27016	27182	28378	28870	28880	29573	30746	30782	30142	31736	31065	30092	29814	29477	29352	29200	29394	29657	29882	30072	30217	30324	30392
1	16	30657	30124	29128	28072	27064	27231	28428	28920	28930	29623	30796	30833	30194	31787	31118	30144	29865	29528	29403	29252	29446	29709	29934	30125	30270	30377
1	17	31830	30769	30212	29217	28163	27154	27322	28519	29013	29023	29717	30890	30929	30290	31883	31215	30241	29961	29624	29498	29348	29543	29806	30031	30222	30368
1	18	32612	32192	31085	30523	29529	28471	27459	27624	28822	29322	29336	30030	31208	31252	30613	32205	31544	30565	30281	29944	29816	29666	29861	30124	30351	30543
1	19	33734	33377	32875	31762	31195	30196	29129	28109	28267	29470	29982	29999	30698	31887	31939	31298	32892	32240	31252	30961	30620	30490	30338	30535	30800	31029
1	20	35028	34624	34159	33654	32539	31966	30962	29885	28854	29009	30221	30743	30762	31468	32669	32727	32082	33682	33033	32037	31738	31395	31264	31111	31307	31575
1	21	35258	35773	35250	34787	34285	33168	32596	31590	30505	29470	29623	30840	31367	31388	32098	33305	33368	32719	34324	33678	32675	32374	32031	31897	31744	31940
1	22	37784	35923	36301	35783	35326	34827	33713	33143	32135	31049	30012	30164	31383	31913	31935	32646	33857	33923	33273	34881	34235	33232	32928	32585	32450	32297
1	23	38453	38321	36306	36694	36181	35731	35240	34131	33563	32556	31473	30438	30592	31812	32340	32362	33074	34285	34350	33699	35309	34661	33658	33357	33013	32880
1	24	36695	38728	38440	36439	36839	36333	35893	35410	34306	33742	32739	31661	30635	30790	32008	32532	32551	33263	34469	34531	33881	35489	34839	33840	33543	33200
1	25	36179	36849	38738	38455	36471	36876	36380	35949	35470	34370	33810	32811	31740	30719	30876	32090	32610	32628	33338	34540	34601	33952	35556	34906	33911	33618
1	26	36253	36333	36879	38766	38491	36518	36932	36442	36014	35538	34441	33884	32888	31821	30805	30964	32175	32692	32710	33420	34618	34677	34030	35631	34981	33989
1	27	34898	36406	36373	36921	38814	38544	36580	37001	36513	36087	35612	34519	33965	32972	31907	30895	31053	32264	32779	32797	33505	34701	34762	34115	35714	35064
1	28	34875	35035	36442	36412	36968	38863	38596	36642	37064	36578	36154	35680	34588	34038	33047	31984	30973	31135	32343	32859	32875	33583	34778	34838	34192	35790
1	29	34277	34973	35046	36455	36431	36992	38889	38626	36677	37099	36615	36192	35719	34630	34081	33093	32032	31023	31186	32393	32908	32925	33632	34826	34887	34242
1	30	33152	34377	34993	35068	36482	36463	37027	38927	38663	36719	37141	36658	36236	35766	34678	34133	33146	32087	31079	31242	32449	32963	32982	33688	34881	34943
1	31	33589	33248	34401	35020	35101	36517	36501	37069	38966	38704	36765	37185	36704	36284	35815	34729	34185	33200	32143	31137	31301	32506	33021	33040	33745	34939
1	32	33800	33650	33250	34404	35026	35112	36527	36516	37084	38978	38718	36780	37203	36722	36305	35838	34752	34209	33227	32171	31168	31332	32537	33052	33072	33777
1	33	33945	33871	33668	33272	34428	35052	35142	36557	36548	37116	39009	38751	36817	37237	36760	36343	35877	34794	34251	33270	32216	31214	31378	32582	33099	33121
1	34	33300	34016	33895	33696	33303	34461	35086	35181	36595	36587	37155	39048	38791	36859	37279	36803	36388	35922	34842	34298	33320	32267	31265	31429	32634	33151
1	35	32397	33347	34023	33907	33710	33319	34477	35107	35203	36615	36609	37177	39069	38815	36884	37304	36830	36416	35950	34874	34330	33353	32301	31300	31464	32670
1	36	29842	32443	33360	34037	33925	33730	33342	34501	35131	35229	36641	36635	37204	39095	38844	36916	37336	36862	36449	35985	34911	34366	33392	32340	31339	31504
1	37	29753	29884	32452	33371	34052	33941	33750	33364	34521	35153	35250	36663	36659	37229	39119	38872	36947	37366	36893	36481	36017	34944	34401	33428	32376	31376
1	38	31344	29774	29879	32445	33368	34053	33943	33755	33368	34525	35158	35255	36670	36668	37239	39128	38883	36960	37379	36907	36498	36033	34963	34420	33449	32396
1	39	31368	31331	29743	29848	32414	33341	34025	33919	33732	33347	34502	35135	35234	36649	36649	37219	39109	38866	36945	37364	36894	36487	36023	34955	34413	33443
1	40	32149	31352	31293	29711	29818	32382	33311	33997	33893	33705	33321	34476	35110	35210	36624	36626	37197	39086	38846	36928	37347	36878	36474	36011	34945	34404
1	41	33967	32140	31326	31269	29691	29798	32360	33292	33979	33876	33690	33307	34462	35097	35197	36611	36616	37186	39076	38840	36925	37344	36877	36474	36012	34948
1	42	35725	33938	32102	31287	31232	29658	29765	32327	33259	33948	33846	33660	33280	34434	35071	35172	36587	36594	37165	39056	38823	36911	37329	36863	36462	36001
1	43	36863	35681	33887	32055	31242	31188	29618	29725	32285	33219	33908	33809	33624	33244	34398	35037	35140	36555	36565	37137	39027	38798	36890	37307	36844	36444
1	44	36585	36820	35634	33845	32016	31203	31152	29587	29692	32251	33187	33876	33781	33595	33217	34371	35012	35119	36534	36546	37119	39009	38783	36879	37295	36836
1	45	37998	36525	36755	35574	33790	31964	31154	31106	29544	29648	32204	33142	33833	33739	33555	33179	34333	34976	35085	36500	36515	37089	38980	38758	36857	37272
1	46	38731	37922	36448	36681	35504	33726	31905	31098	31050	29493	29596	32150	33089	33782	33690	33509	33133	34287	34932	35044	36459	36477	37052	38942	38724	36826
1	47	39506	38646	37841	36372	36605	35434	33661	31846	31041	30993	29440	29544	32096	33037	33731	33642	33462	33089	34242	34889	35003	36418	36438	37015	38905	38691
1	48	38983	39407	38552	37753	36288	36523	35357	33591	31780	30977	30932	29383	29487	32036	32979	33676	33589	33411	33040	34192	34841	34956	36372	36395	36973	38863
1	49	40584	38888	39315	38465	37670	36212	36450	35290	33529	31722	30922	30878	29333	29437	31984	32929	33628	33545	33367	32999	34151	34801	34919	36334	36360	36939
1	50	39732	40489	38806	39234	38389	37601	36150	36389	35234	33478	31675	30877	30835	29295	29398	31943	32892	33594	33514	33336	32972	34124	34775	34896	36311	36338
1	51	39875	39638	40401	38729	39157	38319	37537	36092	36332	35183	33432	31634	30837	30796	29260	29365	31908	32860	33565	33488	33312	32949	34102	34755	34878	36293
1	52	39351	39759	39534	40302	38638	39069	38238	37461	36023	36266	35123	33379	31583	30789	30749	29218	29324	31865	32820	33527	33453	33279	32920	34072	34728	34851
1	53	38243	39210	39631	39413	40184	38531	38964	38140	37368	35939	36183	35048	33310	31519	30729	30691	29166	29272	31810	32768	33477	33407	33235	32879	34030	34688
1	54	37187	38086	39067	39493	39282	40056	38416	38852	38034	37269	35847	36093	34966	33234	31450	30663	30627	29108	29215	31750	32712	33422	33355	33186	32833	33984
1	55	36592	37007	37921	38906	39336	39134	39910	38284	38722	37912	37154	35740	35989	34870	33146	31369	30586	30552	29040	29147	31679	32643	33355	33292	33125	32775
1	56	35552	36396	36832	37748	38735	39171	38976	39756	38143	38583	37782	37032	35626	35877	34766	33051	31282	30502	30472	28967	29075	31603	32571	33284	33224	33059
1	57	34895	35352	36214	36657	37575	38565	39007	38821	39603	38004	38445	37654	36911	35515	35767	34666	32960	31198	30422	30395	28897	29006	31529	32501	33216	33160
1	58	33754	34674	35155	36020	36468	37391	38383	38831	38653	39438	37851	38298	37515	36780	35394	35648	34556	32859	31105	30335	30311	28821	28931	31450	32424	33141
1	59	32194	33503	34446	34931	35799	36254	37179	38174	38627	38457	39245	37674	38125	37350	36624	35249	35506	34423	32737	30993	30228	30206	28727	28838	31351	32327
1	60	31896	31928	33256	34202	34693	35564	36025	36952	37949	38407	38246	39036	37481	37936	37172	36455	35091	35351	34278	32604	30870	30110	30091	28623	28735	31242
1	61	31236	31605	31671	32997	33945	34442	35316	35784	36713	37711	38175	38023	38815	37277	37735	36982	36274	34922	35185	34123	32461	30738	29984	29968	28511	28624
1	62	30105	30919	31320	31396	32719	33670	34173	35049	35522	36453	37453	37921	37779	38574	37054	37514	36772	36075	34736	35003	33952	32304	30592	29845	29833	28385
1	63	30290	29766	30609	31019	31105	32425	33378	33889	34767	35244	36177	37178	37652	37519	38316	36815	37278	36548	35862	34537	34807	33769	32134	30435	29695	29687
1	64	30600	29920	29443	30288	30705	30802	32119	33075	33590	34471	34954	35888	36891	37371	37248	38047	36565	37030	36313	35638	34327	34601	33576	31957	30270	29537
1	65	31190	30192	29567	29107	29953	30379	30486	31800	32758	33277	34160	34649	35584	36588	37076	36963	37764	36302	36769	36065	35402	34106	34384	33373	31769	30096
1	66	31986	30717	29783	29180	28738	29585	30019	30137	31447	32404	32929	33812	34308	35244	36250	36742	36641	37444	36003	36473	35784	35133	33852	34135	33137	31551
1	67	34396	31435	30245	29338	28758	28335	29184	29624	29752	31058	32013	32545	33428	33930	34867	35873	36371	36280	37086	35667	36141	35468	34829	33567	33854	32870
1	68	26017	33733	30895	29740	28864	28308	27903	28755	29200	29339	30639	31593	32128	33008	33516	34453	35458	35960	35882	36689	35297	35773	35116	34492	33249	33541
1	69	24005	25456	33086	30323	29205	28361	27829	27445	28296	28749	28899	30192	31139	31673	32552	33065	34003	35005	35513	35448	36256	34890	35372	34731	34123	32902
1	70	24560	23431	24913	32404	29717	28638	27828	27321	26959	27810	28268	28429	29710	30648	31186	32065	32584	33521	34521	35035	34983	35793	34456	34941	34317	33727
1	71	22961	23912	22877	24341	31684	29076	28039	27264	26784	26444	27294	27758	27927	29195	30132	30673	31552	32076	33011	34010	34528	34491	35302	33994	34484	33879
1	72	20722	22287	23283	22291	23736	30923	28398	27405	26664	26212	25896	26743	27213	27394	28653	29587	30132	31010	31539	32473	33469	33992	33968	34780	33503	33998
1	73	18871	20053	21643	22629	21681	23105	30129	27690	26740	26035	25611	25319	26164	26640	26831	28080	29011	29560	30436	30972	31903	32896	33423	33414	34226	32981
1	74	19059	18214	19426	20986	21961	21058	22460	29314	26963	26057	25389	24994	24726	25567	26049	26251	27488	28416	28970	29845	30385	31314	32303	32836	32842	33653
1	75	18503	18325	17585	18773	20300	21261	20405	21783	28459	26196	25336	24706	24341	24098	24934	25421	25635	26861	27784	28342	29214	29758	30685	31670	32207	32227
1	76	17736	17724	17634	16938	18100	19591	20539	19731	21083	27570	25401	24588	23996	23659	23442	24272	24765	24991	26203	27121	27683	28552	29099	30022	31002	31544
1	77	16146	16924	16998	16929	16278	17412	18866	19802	19041	20367	26658	24585	23818	23265	22958	22766	23591	24088	24326	25522	26436	27002	27867	28418	29336	30311
1	78	15326	15329	16159	16250	16202	15595	16701	18116	19035	18322	19620	25707	23731	23013	22500	22223	22056	22876	23377	23625	24805	25712	26281	27141	27695	28608
1	79	14229	14465	14559	15368	15475	15448	14887	15961	17335	18235	17572	18839	24712	22835	22167	21695	21448	21307	22120	22622	22882	24044	24943	25516	26370	26926
1	80	12878	13341	13658	13768	14554	14677	14671	14156	15197	16525	17405	16793	18026	23674	21901	21283	20852	20636	20521	21325	21829	22099	23243	24131	24705	25552
1	81	11713	11990	12520	12840	12966	13727	13864	13878	13409	14415	15695	16554	15993	17189	22604	20937	20371	19982	19796	19706	20499	21006	21286	22410	23286	23861
1	82	10938	10813	11166	11684	12006	12147	12881	13031	13065	12642	13611	14842	15676	15168	16324	21497	19938	19425	19076	18922	18857	19638	20146	20437	21536	22400
1	83	9747	10000	9983	10332	10836	11158	11312	12018	12179	12231	11854	12784	13963	14771	14314	15428	20349	18901	18440	18133	18009	17970	18738	19246	19545	20619
1	84	8348	8814	9143	9150	9494	9983	10303	10467	11143	11315	11384	11052	11940	13065	13845	13439	14507	19167	17830	17421	17156	17063	17049	17801	18308	18614
1	85	7278	7461	7975	8295	8324	8662	9133	9450	9624	10267	10449	10532	10246	11089	12157	12907	12551	13572	17961	16738	16380	16157	16094	16104	16838	17342
1	86	6022	6417	6668	7149	7459	7509	7838	8288	8600	8782	9391	9580	9677	9434	10231	11238	11956	11650	12622	16733	15626	15317	15135	15101	15134	15848
1	87	5219	5232	5659	5900	6346	6644	6712	7030	7457	7763	7950	8522	8716	8825	8623	9373	10319	11001	10744	11664	15492	14499	14240	14097	14089	14144
1	88	4448	4467	4553	4941	5168	5580	5864	5947	6251	6655	6951	7141	7677	7872	7991	7827	8529	9411	10057	9844	10711	14255	13373	13160	13054	13071
1	89	3623	3748	3833	3920	4269	4483	4859	5128	5222	5510	5888	6172	6362	6860	7055	7180	7051	7703	8522	9131	8958	9771	13033	12257	12086	12014
1	90	3053	2999	3165	3248	3334	3645	3844	4184	4435	4537	4807	5158	5428	5615	6075	6267	6397	6299	6901	7655	8225	8089	8847	11831	11153	11023
1	91	2249	2474	2485	2632	2711	2794	3069	3251	3556	3788	3894	4145	4468	4721	4903	5324	5510	5642	5573	6124	6813	7341	7240	7941	10647	10063
1	92	1866	1780	2006	2023	2151	2225	2304	2543	2708	2978	3190	3297	3528	3821	4056	4231	4612	4790	4921	4877	5377	6001	6487	6418	7060	9492
1	93	1401	1439	1410	1595	1616	1726	1794	1867	2072	2219	2455	2646	2751	2961	3224	3439	3604	3945	4114	4242	4219	4668	5228	5671	5629	6212
1	94	985	1050	1111	1093	1242	1264	1357	1418	1485	1658	1787	1990	2159	2260	2447	2680	2875	3028	3330	3487	3610	3604	4004	4501	4901	4882
1	95	487	716	789	838	828	945	967	1044	1098	1157	1301	1412	1584	1731	1825	1990	2193	2367	2506	2770	2914	3030	3038	3390	3826	4183
1	96	324	343	523	578	617	612	703	723	786	832	883	1000	1094	1238	1364	1449	1592	1767	1919	2044	2271	2401	2509	2527	2833	3211
1	97	235	221	243	373	413	443	442	511	529	579	617	660	754	832	950	1056	1131	1253	1401	1533	1643	1836	1951	2050	2075	2337
1	98	140	155	152	168	259	288	310	311	362	378	417	448	483	557	620	715	802	867	969	1093	1204	1300	1462	1562	1650	1679
1	99	105	89	103	101	113	174	195	211	213	250	263	293	317	345	402	452	527	597	652	736	838	930	1012	1146	1231	1308
1	100	65	64	57	66	65	73	114	128	139	142	168	178	200	219	240	283	322	380	435	481	548	630	705	774	882	954
1	101	34	38	39	35	41	40	46	72	81	89	91	109	117	132	147	163	194	223	267	309	346	399	463	524	580	666
1	102	18	19	22	23	21	24	24	28	44	49	55	57	68	74	85	95	107	129	151	183	214	243	284	333	381	425
1	103	10	9	11	12	13	12	14	14	16	26	29	33	34	41	45	53	60	68	83	99	122	145	167	197	234	271
1	104	4	5	5	6	6	7	7	8	8	9	15	16	19	20	24	27	32	36	42	52	63	79	95	112	134	161
1	105 - 109	2	3	4	4	4	4	5	6	7	7	8	12	14	17	19	23	26	32	38	46	57	72	90	113	139	172
1	110 and over	0	0	0	0	0	0	0	0	0	0	0	0	0	0	0	0	0	0	0	0	0	0	1	1	1	2
2	0	27384	27249	27127	26976	27148	27391	27601	27777	27913	28009	28071	28108	28096	28041	27964	27856	27733	27611	27503	27418	27337	27261	27213	27203	27221	27259
2	1	28115	27559	27392	27271	27122	27295	27540	27751	27929	28066	28161	28225	28262	28250	28196	28119	28011	27888	27766	27657	27574	27493	27417	27368	27360	27378
2	2	28804	28261	27671	27506	27386	27239	27412	27658	27870	28048	28186	28281	28346	28383	28371	28317	28239	28131	28008	27886	27778	27695	27614	27538	27490	27482
2	3	29823	28932	28358	27769	27604	27485	27341	27514	27760	27973	28151	28290	28385	28449	28487	28476	28421	28343	28236	28113	27991	27882	27799	27718	27641	27593
2	4	28590	29934	29014	28441	27853	27687	27571	27429	27602	27847	28061	28239	28378	28473	28538	28575	28564	28509	28431	28324	28202	28079	27969	27887	27807	27730
2	5	29424	28686	30006	29088	28515	27927	27761	27646	27506	27677	27922	28138	28316	28455	28550	28615	28653	28642	28587	28508	28402	28280	28156	28047	27965	27885
2	6	29276	29507	28746	30066	29151	28576	27990	27824	27709	27570	27740	27985	28203	28380	28520	28616	28680	28719	28707	28651	28574	28466	28344	28221	28112	28030
2	7	27994	29341	29555	28794	30115	29200	28627	28041	27875	27761	27621	27792	28037	28254	28432	28573	28668	28732	28771	28759	28703	28626	28518	28396	28273	28164
2	8	27547	28051	29382	29599	28838	30161	29246	28673	28087	27921	27807	27667	27838	28083	28300	28478	28619	28715	28778	28817	28806	28751	28672	28565	28442	28319
2	9	27107	27599	28087	29420	29640	28880	30202	29288	28714	28128	27962	27849	27709	27880	28124	28341	28520	28660	28756	28820	28859	28848	28793	28715	28607	28484
2	10	26496	27154	27633	28121	29456	29676	28917	30238	29326	28752	28165	27999	27887	27746	27916	28161	28379	28558	28698	28794	28858	28896	28886	28831	28753	28645
2	11	26013	26539	27183	27664	28153	29488	29709	28951	30273	29361	28787	28200	28033	27921	27780	27950	28196	28414	28593	28734	28830	28893	28932	28921	28866	28788
2	12	25884	26050	26563	27208	27691	28181	29516	29737	28979	30301	29389	28815	28230	28062	27950	27809	27979	28225	28443	28623	28764	28861	28923	28962	28951	28896
2	13	27062	25917	26069	26582	27229	27712	28203	29539	29757	29000	30324	29411	28838	28252	28084	27972	27831	28001	28248	28466	28646	28787	28884	28947	28986	28974
2	14	27349	27099	25940	26092	26607	27254	27740	28231	29566	29785	29029	30352	29440	28866	28281	28112	28000	27858	28029	28275	28494	28674	28814	28912	28975	29014
2	15	28545	27398	27134	25975	26128	26645	27293	27780	28271	29606	29825	29069	30392	29481	28906	28321	28152	28040	27898	28069	28315	28534	28714	28855	28953	29016
2	16	29163	28605	27441	27177	26020	26173	26690	27340	27827	28318	29654	29874	29118	30441	29531	28956	28370	28200	28088	27946	28118	28363	28582	28762	28903	29001
2	17	30251	29286	28703	27540	27276	26120	26270	26788	27439	27928	28421	29759	29980	29224	30548	29638	29063	28476	28305	28192	28051	28222	28467	28687	28868	29010
2	18	30968	30767	29748	29156	27991	27719	26560	26703	27222	27880	28377	28875	30216	30451	29696	31015	30116	29533	28940	28764	28650	28508	28679	28925	29147	29331
2	19	33033	32066	31757	30730	30127	28948	28663	27493	27626	28150	28819	29328	29836	31195	31447	30690	32011	31120	30523	29918	29733	29617	29474	29645	29895	30121
2	20	34563	34230	33118	32806	31774	31161	29969	29676	28494	28621	29152	29831	30349	30866	32246	32507	31743	33074	32180	31574	30956	30768	30649	30504	30677	30928
2	21	35723	35502	35011	33899	33592	32557	31944	30748	30450	29264	29389	29922	30605	31127	31650	33038	33303	32534	33872	32977	32365	31743	31553	31432	31287	31461
2	22	38871	36499	36103	35616	34511	34209	33177	32570	31372	31074	29888	30014	30547	31232	31755	32278	33668	33932	33162	34503	33605	32994	32371	32182	32060	31914
2	23	38606	39302	36738	36363	35889	34794	34506	33482	32883	31691	31400	30216	30350	30882	31564	32082	32600	33986	34240	33469	34814	33908	33302	32685	32500	32380
2	24	36646	38657	39162	36618	36271	35808	34730	34457	33441	32853	31672	31390	30217	30358	30883	31559	32067	32579	33953	34196	33428	34769	33860	33264	32654	32475
2	25	35995	36686	38533	39035	36515	36184	35732	34667	34399	33391	32809	31639	31362	30199	30342	30863	31534	32036	32543	33906	34143	33380	34714	33806	33216	32613
2	26	36648	36115	36680	38525	39029	36521	36202	35756	34696	34431	33428	32850	31684	31411	30251	30396	30916	31584	32083	32587	33945	34179	33418	34749	33840	33255
2	27	35933	36794	36154	36722	38569	39073	36576	36263	35819	34762	34500	33499	32925	31760	31489	30334	30480	30998	31664	32160	32663	34019	34250	33491	34821	33912
2	28	35421	36091	36859	36222	36794	38642	39149	36659	36347	35905	34850	34589	33591	33018	31855	31585	30432	30580	31097	31762	32257	32758	34112	34343	33585	34913
2	29	35683	35563	36152	36922	36289	36865	38715	39223	36737	36424	35984	34931	34671	33675	33102	31940	31671	30521	30669	31185	31851	32344	32845	34198	34429	33671
2	30	34586	35816	35627	36218	36991	36362	36941	38792	39301	36816	36505	36064	35012	34753	33759	33185	32025	31756	30606	30755	31271	31938	32429	32930	34283	34514
2	31	35202	34717	35888	35701	36296	37072	36446	37028	38879	39388	36904	36592	36152	35100	34841	33847	33274	32114	31844	30696	30844	31361	32028	32519	33020	34374
2	32	35934	35321	34786	35958	35776	36372	37151	36527	37109	38961	39470	36987	36675	36234	35182	34923	33928	33357	32197	31926	30778	30925	31443	32112	32603	33105
2	33	35334	36032	35377	34843	36017	35839	36435	37218	36593	37175	39028	39537	37056	36742	36303	35249	34990	33996	33424	32265	31994	30846	30992	31511	32181	32673
2	34	34655	35424	36084	35432	34902	36076	35900	36498	37283	36658	37239	39092	39603	37124	36809	36369	35316	35056	34062	33489	32330	32060	30912	31057	31576	32247
2	35	33126	34755	35491	36154	35506	34975	36151	35979	36577	37362	36737	37319	39172	39685	37207	36890	36450	35397	35136	34142	33569	32410	32138	30993	31136	31655
2	36	31341	33214	34814	35555	36219	35572	35042	36220	36050	36648	37434	36809	37391	39246	39760	37282	36963	36524	35471	35210	34215	33642	32483	32210	31065	31207
2	37	30293	31405	33253	34854	35599	36264	35619	35090	36267	36100	36696	37483	36859	37441	39297	39813	37335	37015	36577	35524	35263	34268	33695	32536	32264	31118
2	38	32403	30344	31432	33282	34884	35632	36298	35655	35126	36302	36137	36731	37520	36896	37478	39333	39850	37375	37055	36618	35564	35304	34310	33736	32578	32307
2	39	33020	32439	30364	31449	33302	34905	35654	36322	35679	35150	36326	36163	36757	37546	36922	37505	39360	39878	37406	37084	36646	35595	35335	34341	33768	32611
2	40	33179	33049	32450	30376	31462	33315	34921	35671	36340	35698	35169	36345	36183	36776	37566	36943	37525	39381	39901	37430	37108	36671	35621	35361	34367	33795
2	41	35381	33211	33065	32467	30396	31480	33334	34942	35693	36363	35722	35194	36370	36210	36802	37593	36971	37553	39409	39931	37462	37140	36702	35654	35394	34400
2	42	38075	35406	33224	33079	32482	30412	31495	33351	34960	35712	36383	35743	35216	36392	36234	36826	37618	36996	37579	39435	39960	37493	37169	36731	35685	35425
2	43	39781	38087	35409	33228	33083	32488	30421	31502	33359	34969	35720	36393	35755	35229	36406	36249	36842	37633	37013	37597	39452	39980	37514	37190	36752	35708
2	44	39213	39784	38083	35409	33228	33084	32492	30426	31505	33365	34974	35727	36400	35765	35238	36416	36261	36853	37646	37028	37612	39467	39996	37534	37209	36770
2	45	40706	39210	39771	38075	35405	33225	33083	32490	30427	31505	33367	34975	35730	36403	35771	35245	36422	36269	36861	37655	37039	37624	39479	40010	37550	37224
2	46	41544	40699	39199	39760	38068	35401	33224	33082	32490	30430	31506	33368	34978	35734	36408	35778	35254	36430	36279	36872	37667	37053	37638	39493	40027	37568
2	47	41388	41521	40674	39177	39738	38050	35387	33212	33072	32482	30422	31498	33361	34971	35728	36404	35775	35253	36430	36279	36873	37669	37057	37643	39499	40034
2	48	41419	41356	41487	40643	39149	39711	38028	35369	33197	33056	32468	30412	31485	33349	34960	35719	36395	35769	35247	36424	36275	36871	37666	37057	37643	39500
2	49	42736	41381	41316	41448	40609	39120	39682	38003	35349	33178	33039	32453	30399	31472	33336	34946	35707	36384	35761	35240	36417	36271	36866	37663	37055	37642
2	50	42569	42685	41334	41271	41405	40570	39085	39647	37974	35324	33157	33018	32433	30383	31454	33319	34929	35692	36371	35749	35230	36408	36264	36859	37657	37051
2	51	42219	42512	42632	41285	41226	41362	40532	39050	39612	37944	35300	33136	32997	32414	30368	31436	33300	34913	35678	36359	35740	35222	36400	36259	36854	37654
2	52	40847	42157	42456	42578	41239	41181	41319	40494	39016	39578	37915	35277	33116	32977	32396	30354	31420	33286	34899	35666	36349	35732	35215	36394	36256	36852
2	53	40041	40766	42078	42382	42506	41174	41117	41258	40437	38964	39526	37870	35237	33080	32942	32365	30327	31393	33256	34870	35640	36324	35710	35195	36373	36239
2	54	38522	39932	40664	41975	42283	42410	41084	41030	41174	40358	38890	39453	37802	35177	33025	32889	32315	30283	31347	33210	34823	35595	36281	35670	35157	36334
2	55	38639	38408	39821	40555	41868	42178	42308	40989	40938	41085	40274	38811	39374	37731	35113	32968	32833	32263	30236	31298	33161	34774	35547	36233	35626	35116
2	56	37488	38514	38295	39706	40442	41756	42068	42202	40891	40841	40992	40185	38728	39291	37656	35047	32908	32774	32208	30187	31249	33110	34722	35498	36184	35581
2	57	36344	37349	38384	38169	39579	40318	41632	41948	42085	40780	40734	40887	40087	38636	39200	37573	34972	32839	32708	32145	30133	31191	33052	34664	35440	36128
2	58	35232	36184	37199	38234	38024	39433	40173	41487	41806	41946	40651	40607	40763	39969	38526	39092	37472	34881	32757	32628	32069	30063	31121	32980	34590	35368
2	59	33918	35057	36021	37034	38070	37866	39274	40015	41329	41650	41792	40508	40467	40626	39839	38405	38972	37361	34779	32665	32538	31983	29987	31043	32899	34507
2	60	33317	33746	34895	35859	36871	37908	37712	39116	39860	41172	41497	41643	40369	40331	40493	39714	38288	38857	37255	34684	32578	32453	31904	29916	30969	32824
2	61	32805	33133	33578	34725	35690	36704	37742	37551	38952	39697	41009	41338	41488	40223	40189	40355	39582	38167	38736	37144	34585	32487	32365	31821	29840	30892
2	62	31633	32598	32943	33391	34535	35502	36515	37555	37370	38768	39513	40824	41158	41312	40057	40027	40197	39432	38027	38596	37015	34470	32381	32261	31721	29750
2	63	32033	31407	32385	32735	33186	34326	35294	36307	37347	37169	38562	39310	40619	40957	41116	39873	39847	40021	39264	37870	38439	36870	34339	32261	32144	31610
2	64	31886	31769	31172	32149	32502	32955	34093	35060	36073	37112	36941	38330	39080	40386	40729	40892	39662	39640	39818	39071	37688	38260	36702	34188	32121	32008
2	65	32839	31587	31498	30912	31887	32243	32699	33835	34803	35814	36851	36687	38071	38822	40126	40475	40643	39426	39409	39591	38854	37485	38057	36512	34014	31962
2	66	33885	32498	31287	31206	30632	31604	31963	32424	33557	34524	35534	36569	36412	37793	38544	39846	40200	40373	39171	39160	39347	38620	37264	37838	36306	33828
2	67	36794	33491	32155	30963	30891	30330	31299	31661	32124	33255	34221	35230	36262	36112	37490	38241	39540	39898	40079	38891	38886	39079	38363	37021	37598	36081
2	68	27792	36319	33103	31790	30619	30556	30009	30974	31341	31806	32933	33898	34902	35932	35789	37163	37916	39211	39575	39760	38590	38592	38791	38087	36761	37340
2	69	26619	27393	35848	32684	31395	30247	30193	29659	30622	30993	31461	32585	33544	34542	35569	35436	36805	37559	38851	39219	39411	38259	38271	38475	37785	36477
2	70	26897	26190	26995	35337	32230	30968	29844	29800	29280	30241	30616	31087	32202	33154	34149	35174	35052	36415	37170	38458	38832	39031	37898	37918	38129	37453
2	71	26363	26414	25764	26564	34787	31739	30506	29409	29376	28873	29830	30209	30679	31788	32737	33730	34752	34640	35997	36753	38038	38417	38624	37512	37541	37758
2	72	24343	25836	25934	25306	26101	34195	31209	30010	28942	28919	28433	29385	29769	30242	31346	32292	33282	34301	34199	35550	36306	37589	37973	38188	37097	37135
2	73	22743	23812	25325	25431	24826	25614	33572	30655	29489	28451	28439	27971	28919	29308	29784	30882	31825	32812	33828	33738	35082	35839	37117	37507	37731	36664
2	74	23112	22198	23296	24787	24901	24319	25103	32917	30071	28939	27933	27933	27485	28428	28822	29301	30393	31333	32317	33330	33253	34589	35346	36620	37016	37250
2	75	22457	22498	21665	22746	24213	24334	23776	24556	32215	29443	28349	27375	27389	26961	27899	28298	28781	29866	30803	31783	32792	32730	34057	34815	36084	36487
2	76	21792	21798	21900	21100	22164	23605	23734	23201	23975	31470	28779	27724	26784	26810	26405	27337	27743	28229	29307	30239	31216	32220	32173	33491	34249	35511
2	77	21038	21080	21156	21268	20502	21547	22961	23100	22593	23361	30681	28073	27060	26157	26197	25815	26741	27153	27642	28712	29639	30612	31611	31580	32887	33647
2	78	20145	20271	20388	20475	20597	19866	20892	22277	22424	21946	22707	29839	27322	26352	25487	25541	25185	26103	26521	27013	28073	28997	29963	30958	30943	32239
2	79	19033	19317	19521	19648	19748	19880	19187	20191	21543	21701	21254	22005	28938	26515	25591	24769	24837	24507	25417	25840	26336	27386	28304	29263	30252	30255
2	80	17699	18150	18510	18723	18861	18975	19117	18464	19445	20761	20930	20514	21255	27976	25653	24777	23999	24084	23781	24681	25110	25609	26648	27559	28510	29492
2	81	16503	16777	17297	17661	17883	18032	18158	18310	17700	18655	19936	20115	19732	20462	26957	24741	23916	23185	23285	23009	23898	24332	24835	25862	26766	27709
2	82	16231	15537	15892	16404	16771	17001	17162	17300	17461	16896	17824	19066	19256	18906	19626	25881	23776	23003	22321	22437	22191	23068	23507	24012	25026	25921
2	83	14848	15162	14614	14968	15472	15840	16078	16251	16401	16571	16052	16951	18150	18350	18036	18744	24744	22757	22039	21407	21540	21324	22188	22631	23139	24137
2	84	13550	13747	14145	13653	14007	14502	14870	15115	15298	15460	15639	15168	16036	17191	17400	17123	17817	23548	21681	21022	20442	20590	20406	21255	21702	22211
2	85	12133	12419	12709	13099	12665	13016	13500	13868	14119	14312	14486	14674	14251	15086	16193	16412	16172	16850	22299	20557	19957	19430	19595	19442	20275	20725
2	86	10618	11000	11368	11655	12036	11660	12007	12479	12843	13101	13302	13486	13682	13308	14108	15165	15394	15191	15850	21006	19395	18853	18381	18561	18441	19256
2	87	9633	9503	9951	10303	10584	10957	10638	10980	11436	11796	12058	12266	12460	12661	12337	13100	14105	14341	14175	14814	19665	18185	17704	17287	17482	17394
2	88	8655	8497	8485	8901	9236	9511	9871	9609	9943	10383	10735	10999	11214	11413	11619	11344	12068	13017	13259	13129	13745	18280	16933	16513	16152	16360
2	89	7204	7518	7480	7484	7869	8187	8455	8800	8592	8917	9338	9681	9944	10162	10366	10576	10347	11030	11922	12168	12073	12664	16876	15663	15303	14997
2	90	6310	6152	6520	6499	6517	6870	7169	7427	7755	7597	7910	8310	8642	8903	9122	9328	9540	9355	9995	10827	11076	11013	11579	15462	14381	14080
2	91	5270	5293	5250	5575	5570	5600	5921	6199	6445	6755	6642	6941	7318	7636	7891	8109	8314	8526	8382	8977	9749	9997	9965	10502	14056	13104
2	92	4499	4331	4433	4408	4692	4700	4739	5028	5285	5517	5806	5733	6016	6368	6669	6916	7130	7332	7541	7434	7984	8694	8939	8935	9441	12668
2	93	3768	3607	3548	3641	3630	3875	3894	3940	4197	4430	4646	4913	4875	5139	5464	5746	5982	6189	6385	6589	6515	7019	7666	7906	7926	8399
2	94	3055	2940	2884	2844	2928	2928	3136	3163	3213	3439	3648	3846	4089	4079	4322	4618	4879	5102	5299	5487	5683	5638	6095	6679	6911	6951
2	95	1627	2316	2290	2253	2228	2302	2311	2484	2516	2568	2763	2948	3126	3344	3356	3577	3843	4081	4288	4473	4650	4835	4815	5225	5747	5968
2	96	1165	1196	1754	1740	1717	1705	1768	1783	1925	1959	2010	2176	2336	2494	2686	2714	2911	3147	3361	3550	3721	3885	4057	4057	4421	4882
2	97	918	829	880	1295	1289	1277	1273	1326	1344	1458	1492	1540	1679	1815	1952	2119	2157	2330	2536	2725	2895	3050	3200	3357	3372	3691
2	98	688	631	592	630	931	930	926	927	971	989	1079	1111	1155	1269	1382	1499	1641	1684	1834	2010	2175	2325	2463	2598	2739	2765
2	99	479	457	436	411	439	651	653	654	658	693	710	780	809	847	939	1031	1129	1248	1292	1419	1567	1708	1839	1960	2079	2204
2	100	326	306	306	292	277	297	442	446	449	455	482	497	550	575	607	680	753	834	931	973	1079	1201	1320	1431	1536	1639
2	101	197	200	198	198	190	181	195	292	296	300	306	327	340	379	399	426	482	539	604	682	720	806	906	1004	1097	1186
2	102	110	117	125	124	125	120	115	125	188	192	196	201	217	227	256	272	293	335	379	430	492	525	594	674	754	830
2	103	69	62	70	75	75	76	73	71	77	117	120	124	128	139	147	168	180	196	227	260	299	346	374	428	491	555
2	104	38	37	35	40	43	43	44	43	42	46	70	72	75	78	86	92	106	115	127	149	173	202	237	260	301	349
2	105 - 109	45	39	39	37	40	44	46	49	48	48	50	65	75	85	92	102	110	126	143	160	186	220	265	319	373	439
2	110 and over	0	0	0	0	0	0	0	0	0	0	0	0	0	0	0	1	1	1	2	3	3	4	4	5	7	11
