Sex	Age	2014	2015	2016	2017	2018	2019	2020	2021	2022	2023	2024	2025	2026	2027	2028	2029	2030	2031	2032	2033	2034	2035	2036	2037	2038	2039
1	0	398997	397266	411375	417672	424059	429984	435927	441937	447586	452776	457576	461315	463318	464033	464136	464151	464336	464958	466235	467979	470253	473079	476536	480657	485272	489832
1	1	410138	401419	399616	413532	419836	426081	431961	437860	443874	449525	454720	459525	463268	465276	465997	466106	466128	466319	466947	468227	469976	472253	475086	478547	482671	487289
1	2	424084	413139	404303	402297	416210	422358	428547	434377	440278	446294	451945	457143	461948	465694	467703	468426	468535	468560	468751	469382	470664	472414	474691	477525	480987	485114
1	3	418717	426810	415770	406737	404734	418495	424591	430733	436563	442464	448482	454134	459332	464138	467883	469894	470619	470728	470755	470947	471577	472860	474611	476889	479723	483187
1	4	410610	421206	429241	417998	408976	406819	420534	426584	432727	438559	444459	450478	456131	461331	466137	469883	471894	472620	472730	472757	472951	473581	474864	476617	478895	481730
1	5	406814	412793	423359	431194	419967	410798	408601	422274	428324	434467	440299	446201	452220	457872	463073	467879	471626	473637	474364	474475	474502	474698	475328	476611	478364	480642
1	6	410302	408621	414594	424977	432828	421469	412264	410031	423704	429756	435899	441731	447634	453653	459306	464507	469314	473061	475072	475800	475911	475940	476135	476766	478049	479803
1	7	397054	411918	410240	416048	426447	434175	422785	413550	411317	424989	431041	437185	443017	448921	454940	460593	465796	470603	474350	476362	477090	477200	477230	477426	478057	479340
1	8	388063	398609	413460	411633	417452	427738	435436	424016	414784	412550	426222	432275	438419	444251	450156	456175	461827	467031	471838	475585	477598	478326	478437	478467	478664	479296
1	9	373006	389559	400085	414794	412976	418689	428945	436613	425194	415964	413731	427402	433455	439600	445433	451337	457357	463009	468212	473020	476767	478781	479510	479623	479653	479849
1	10	366463	374517	391042	401434	416153	414235	419918	430145	437812	426394	417164	414933	428604	434657	440802	446636	452540	458560	464213	469416	474225	477973	479987	480716	480828	480860
1	11	356301	368046	376060	392458	402854	417477	415532	421185	431413	439081	427664	418435	416204	429876	435928	442074	447907	453812	459833	465486	470690	475498	479246	481262	481992	482103
1	12	350571	357882	369576	377474	393873	404181	418776	416802	422455	432684	440353	428937	419710	417478	431152	437203	443349	449184	455087	461108	466761	471968	476775	480522	482540	483270
1	13	359210	352163	359402	370994	378888	395207	405487	420055	418080	423737	433965	441634	430221	420997	418765	432438	438490	444635	450472	456375	462396	468049	473257	478064	481813	483831
1	14	370466	360900	353771	360908	372497	380313	396602	406852	421423	419447	425104	435333	443003	431590	422367	420140	433813	439865	446010	451848	457751	463773	469425	474635	479440	483191
1	15	382196	372677	362956	355726	362848	374355	382133	398382	408633	423204	421231	426888	437117	444789	433379	424157	421931	435605	441658	447801	453641	459544	465567	471219	476430	481236
1	16	387348	384932	375188	365359	358106	365137	376594	384322	400571	410822	425392	423422	429080	439308	446983	435576	426358	424133	437806	443861	450003	455844	461747	467772	473423	478635
1	17	399339	390621	387902	378043	368181	360832	367801	379195	386924	403175	413427	427995	426029	431687	441918	449594	438190	428975	426753	440426	446481	452624	458465	464367	470396	476048
1	18	403292	404026	394897	391999	382092	372085	364646	371529	382924	390654	406904	417158	431726	429764	435423	445655	453333	441933	432721	430502	444175	450233	456378	462219	468120	474151
1	19	405326	410753	410907	401440	398476	388303	378157	370584	377468	388864	396597	412847	423100	437670	435713	441373	451605	459285	447890	438682	436467	450140	456200	462345	468186	474088
1	20	423227	415204	419843	419511	409952	406597	396222	385882	378318	385205	396603	404336	420586	430839	445410	443458	449121	459354	467033	455645	446443	444231	457903	463965	470112	475953
1	21	425645	434196	425229	429313	428843	418838	415230	404616	394285	386729	393618	405017	412751	429000	439254	453825	451879	457543	467779	475459	464077	454880	452672	466343	472406	478554
1	22	439175	437864	445309	435729	439641	438667	428370	424482	413876	403555	396007	402899	414298	422036	438283	448540	463109	461169	466834	477072	484752	473376	464186	461981	475652	481716
1	23	456389	452159	449636	456421	446650	450021	448723	438119	434239	423643	413333	405790	412687	424085	431825	448071	458329	472897	470962	476629	486869	494550	483181	473997	471795	485464
1	24	449824	468593	463211	460032	466622	456320	459365	457757	447166	443291	432706	422405	414870	421768	433168	440910	457154	467413	481980	480050	485718	495959	503642	492279	483099	480902
1	25	441752	459842	477652	471642	468296	474364	463765	466520	464920	454338	450471	439896	429604	422077	428976	440377	448120	464364	474625	489191	487265	492935	503175	510862	499505	490330
1	26	444147	450055	467337	484541	478377	474547	480334	469471	472232	470641	460067	456208	445642	435359	427841	434739	446142	453886	470129	480392	494957	493034	498707	508945	516636	505285
1	27	430783	451751	456932	473640	490690	484070	479979	485513	474661	477429	475845	465283	461431	450874	440599	433088	439989	451393	459139	475379	485643	500207	498292	503965	514202	521897
1	28	439328	437637	457938	462586	479154	495767	488909	484591	490128	479287	482062	480486	469935	466089	455541	445277	437774	444675	456079	463827	480067	490331	504894	502984	508661	518897
1	29	440748	445607	443303	463112	467633	483801	500178	493110	488803	494346	483517	486297	484726	474188	470350	459811	449557	442063	448966	460370	468118	484358	494623	509185	507279	512958
1	30	428719	445415	449815	447082	466779	470948	486915	503098	496039	491745	497293	486474	489262	487700	477172	473343	462815	452568	445083	451988	463394	471143	487381	497647	512208	510310
1	31	431951	431885	448256	452275	449460	468838	472843	488642	504825	497778	493494	499046	488240	491033	489482	478964	475143	464627	454389	446914	453821	465228	472979	489215	499482	514040
1	32	430780	434693	434372	450368	454317	451212	470429	474290	490085	506265	499230	494958	500514	489721	492520	490978	480473	476660	466154	455929	448462	455374	466779	474532	490766	501035
1	33	435537	432936	436683	436008	451940	455607	452373	471445	475313	491105	507281	500259	495998	501559	490782	493586	492051	481559	477755	467262	457050	449591	456506	467910	475666	491899
1	34	436154	437364	434658	438060	437350	453001	456543	453199	472263	476136	491926	508096	501087	496837	502402	491641	494450	492923	482446	478652	468171	457973	450523	457442	468847	476604
1	35	419401	437650	438785	435770	439144	438189	453724	457163	453828	472884	476761	492548	508713	501718	497479	503050	492303	495120	493602	483139	479356	468889	458706	451267	458188	469591
1	36	391384	420578	438752	439618	436581	439743	438697	454132	457575	454250	473298	477178	492962	509120	502139	497912	503489	492756	495582	494073	483627	479853	469404	459234	451809	458732
1	37	386312	392432	421546	439450	440294	437066	440143	439018	454445	457894	454579	473617	477501	493278	509431	502465	498252	503835	493118	495950	494452	484026	480261	469831	459675	452266
1	38	392139	387269	393333	422185	440049	440714	437414	440416	439298	454718	458171	454866	473894	477784	493554	509700	502751	498553	504140	493443	496283	494795	484388	480636	470226	460084
1	39	399506	393006	388092	393945	422737	440417	441012	437648	440654	439546	454955	458415	455123	474136	478033	493798	509934	503003	498822	504413	493737	496586	495111	484724	480986	470594
1	40	405724	399815	393314	388219	394044	422651	440242	440777	437426	440436	439339	454737	458202	454925	473925	477828	493587	509714	502803	498639	504236	493582	496441	494978	484612	480891
1	41	424493	405525	399637	392989	387879	393572	422080	439592	440136	436798	439815	438729	454117	457587	454323	473312	477222	492975	509094	502203	498057	503660	493030	495898	494448	484105
1	42	442516	424267	405333	399318	392661	387449	393081	421496	438991	439545	436220	439244	438171	453549	457026	453777	472754	476670	492417	508528	501659	497530	503140	492536	495414	493980
1	43	454033	442234	424019	404998	398972	392232	386981	392557	420936	438413	438979	435669	438702	437643	453011	456493	453262	472226	476151	491890	507996	501150	497040	502656	492079	494968
1	44	444445	453685	441913	423625	404621	398522	391752	386472	392048	420390	437851	438431	435139	438176	437134	452492	455982	452769	471721	475654	491385	507485	500664	496576	502195	491649
1	45	455317	444417	453604	441772	423503	404467	398339	391547	386290	391868	420173	437617	438211	434939	437985	436959	452308	455809	452613	471554	475495	491221	507313	500516	496452	502079
1	46	455778	455471	444550	453649	441826	423541	404508	398364	391600	386366	391948	420217	437645	438254	435002	438060	437051	452390	455902	452725	471653	475604	491325	507412	500639	496595
1	47	464071	455781	455447	444495	453561	441718	423446	404426	398312	391578	386371	391957	420189	437603	438228	434998	438066	437077	452406	455929	452775	471691	475650	491366	507447	500700
1	48	461610	463902	455614	455237	444303	453310	441475	423223	404263	398181	391478	386299	391892	420088	437487	438130	434924	438003	437035	452354	455890	452756	471661	475632	491341	507414
1	49	465864	461311	463589	455289	454909	443975	452945	441126	422939	404042	397992	391323	386175	391774	419933	437318	437981	434799	437890	436944	452255	455805	452692	471585	475568	491270
1	50	461541	465237	460726	462972	454701	454306	443394	452335	440570	422452	403623	397608	390974	385859	391467	419588	436958	437642	434485	437591	436663	451967	455531	452442	471319	475316
1	51	453132	460555	464304	459797	462047	453790	453398	442517	451463	439759	421711	402954	396977	390381	385301	390916	418999	436353	437058	433928	437050	436142	451439	455017	451953	470816
1	52	444765	451977	459460	463188	458714	460953	452725	452340	441524	450475	438834	420864	402182	396244	389687	384644	390267	418308	435648	436375	433274	436411	435527	450814	454407	451370
1	53	430028	443504	450784	458240	461974	457519	459760	451570	451222	440473	449431	437855	419966	401367	395470	388955	383951	389585	417580	434903	435651	432584	435737	434880	450155	453762
1	54	412989	428646	442174	449428	456879	460607	456186	458434	450310	450000	439323	448289	436783	418981	400468	394617	388147	383184	388829	416775	434080	434852	431819	434990	434159	449425
1	55	403877	411478	427183	440667	447917	455354	459087	454703	456986	448935	448663	438065	447036	435607	417899	399477	393677	387254	382335	387990	415886	433170	433969	430972	434163	433361
1	56	394739	402234	409926	425581	439034	446276	453706	457452	453132	455450	447476	447248	436733	445710	434362	416754	398430	392682	386311	381440	387107	414947	432210	433037	430078	433290
1	57	380158	392937	400538	408218	423826	437242	444480	451907	455687	451436	453791	445899	445719	435289	444274	433013	415510	397293	391600	385285	380463	386145	413924	431165	432021	429103
1	58	366613	378126	390994	398585	406256	421817	435196	442431	449875	453691	449514	451908	444103	443973	433636	442629	431461	414071	395968	390334	384080	379311	385006	412719	429937	430824
1	59	352170	364338	375960	388787	396370	404036	419545	432889	440141	447604	451459	447360	449795	442085	442007	431769	440770	429701	412432	394448	388878	382689	377976	383684	411327	428521
1	60	351859	349792	362070	373649	386434	394010	401668	417125	430449	437720	445203	449097	445083	447562	439949	439928	429796	438803	427840	410700	392843	387342	381219	376567	382291	409858
1	61	347724	349279	347437	359665	371203	383939	391509	399159	414577	427880	435171	442675	446610	442684	445209	437702	437739	427721	436736	425884	408880	391158	385730	379677	375089	380829
1	62	336380	344931	346703	344920	357095	368589	381278	388841	396505	411882	425162	432472	439999	443978	440146	442720	435322	435420	425521	434543	423810	406951	389370	384021	378042	373522
1	63	338723	333516	342230	344035	342317	354438	365889	378529	386106	393781	409117	422373	429702	437252	441278	437543	440169	432887	433051	423277	432307	421695	404991	387559	382291	376392
1	64	344106	335569	330687	339373	341214	339568	351631	363038	375645	383236	390923	406215	419446	426795	434368	438441	434810	437489	430330	430561	420919	429958	419474	402932	385659	380474
1	65	353019	340512	332385	327617	336274	338154	336582	348588	359967	372539	380145	387844	403088	416293	423663	431257	435380	431859	434594	427566	427866	418362	427408	417061	400690	383585
1	66	370692	348966	336975	329017	324370	333000	334920	333428	345392	356739	369276	376894	384607	399797	412974	420369	427985	432160	428753	431547	424655	425029	415671	424725	414521	398329
1	67	401134	365949	344949	333203	325425	320908	329512	331483	330090	342009	353323	365820	373450	381178	396313	409458	416877	424516	428745	425460	428316	421565	422018	412813	421877	411824
1	68	308634	395286	361163	340569	329083	321498	317118	325697	327733	326448	338318	349598	362026	369642	377384	392459	405569	413014	420678	424963	421807	424730	418131	418669	409627	418701
1	69	297414	303629	389435	355979	335814	324602	317222	312991	321554	323659	322485	334302	345494	357824	365452	373209	388218	401288	408761	416451	420795	417776	420771	414335	414964	406097
1	70	296179	292016	298657	383181	350429	330716	319793	312631	308571	317114	319293	318237	329946	341043	353320	360963	368734	383671	396698	404199	411915	416323	413448	416518	410252	410977
1	71	273379	290140	286664	293333	376500	344488	325254	314637	307716	303838	312357	314614	313655	325275	336328	348550	356203	363990	378852	391833	399361	407104	411577	408853	412000	405913
1	72	242111	267183	284211	280979	287673	369400	338170	319439	309153	302483	298795	307291	309627	308800	320354	331359	343521	351185	358983	373765	386696	394250	402021	406562	403996	407223
1	73	216089	236072	261167	277985	275007	281725	361933	331523	313328	303391	296984	293492	301960	304381	303690	315175	326126	338225	345898	353706	368400	381276	388857	396655	401265	398865
1	74	222378	210208	230265	254904	271498	268782	275522	354128	324583	306949	297376	291244	287958	296394	298900	298353	309762	320652	332683	340364	348182	362781	375598	383204	391029	395710
1	75	218365	215674	204508	224174	248330	264686	262239	268995	345920	317278	300228	291035	285189	282116	290517	293110	292713	304039	314866	326820	334507	342334	356830	369582	377215	385064
1	76	210403	211032	209154	198499	217752	241399	257498	255326	262097	337249	309549	293110	284308	278760	275910	284273	286955	286711	297947	308704	320577	328266	336100	350483	363165	370822
1	77	196229	202523	203921	202295	192165	210985	234088	249912	248023	254804	328086	301367	285564	277171	271933	269314	277633	280407	280323	291461	302141	313922	321613	329456	343718	356319
1	78	183406	188017	194900	196456	195089	185501	203858	226387	241917	240315	247098	318402	292709	277569	269603	264687	262308	270575	273444	273525	284556	295149	306836	314529	322372	336502
1	79	171366	174839	180133	186957	188666	187559	178530	196395	218314	233526	232215	238989	308205	283583	269132	261608	257026	254897	263107	266069	266323	277237	287739	299323	307007	314846
1	80	154878	162393	166630	171927	178677	180536	179688	171235	188576	209852	224716	223698	230452	297461	273953	260220	253157	248922	247049	255194	258254	258683	269474	279876	291339	299011
1	81	143293	145761	153823	158106	163394	170055	172056	171469	163607	180391	200981	215469	214744	221467	286144	263797	250812	244225	240348	238739	246809	249965	250582	261237	271520	282847
1	82	134979	133809	137112	144980	149294	154557	161111	163247	162919	155659	171852	191712	205792	205360	212037	274250	253110	240901	234805	231298	229960	237944	241202	242010	252510	262662
1	83	122881	124913	124855	128227	135876	140206	145424	151850	154110	154037	147389	162953	182038	195679	195535	202149	261766	241879	230469	224879	221752	220693	228584	231941	232935	243263
1	84	109047	112550	115481	115718	119138	126546	130869	136022	142301	144671	144845	138815	153711	171975	185143	185281	191815	248703	230107	219520	214448	211707	210935	218722	222165	223349
1	85	94562	98746	102984	105961	106474	109919	117056	121352	126418	132525	134990	135397	129983	144176	161577	174234	174646	181076	235112	217838	208094	203549	201206	200722	208381	211903
1	86	81066	84542	89318	93432	96428	97196	100639	107477	111721	116673	122582	125121	125747	120946	134401	150897	163005	163677	169980	221045	205118	196230	192223	190281	190078	197587
1	87	70907	71451	75480	80005	83972	86959	87950	91365	97877	102038	106852	112536	115127	115952	111754	124436	139986	151512	152425	158576	206562	192000	183981	180512	178957	179031
1	88	60111	61523	62892	66663	70915	74708	77656	78836	82192	88353	92402	97049	102482	105098	106100	102488	114368	128936	139845	140979	146952	191772	178584	171434	168486	167311
1	89	49450	51262	53306	54687	58186	62147	65740	68617	69948	73215	78997	82905	87353	92513	95127	96278	93225	104282	117839	128100	129427	135195	176797	164972	158668	156230
1	90	40666	41376	43648	45554	46920	50133	53787	57158	59933	61372	64517	69898	73635	77857	82716	85301	86572	84048	94262	106789	116373	117863	123405	161749	151253	145774
1	91	32830	33325	34566	36597	38354	39678	42595	45927	49052	51696	53201	56193	61153	64689	68659	73194	75720	77078	75047	84405	95887	104775	106400	111689	146748	137544
1	92	26423	26310	27274	28394	30186	31779	33038	35653	38653	41513	43996	45525	48336	52858	56168	59862	64054	66492	67905	66321	74821	85254	93436	95161	100160	131945
1	93	20496	20667	21062	21911	22906	24463	25884	27056	29366	32030	34611	36908	38419	41025	45101	48159	51558	55392	57714	59147	57963	65611	75008	82474	84254	88939
1	94	14103	15612	16148	16516	17252	18118	19449	20694	21761	23769	26099	28395	30484	31941	34318	37946	40736	43824	47289	49470	50891	50056	56871	65251	71990	73787
1	95	8188	10436	11882	12333	12666	13289	14029	15144	16213	17164	18880	20883	22891	24757	26127	28263	31447	33955	36722	39813	41831	43211	42677	48682	56068	62086
1	96	5076	5873	7718	8818	9190	9481	9998	10615	11531	12430	13257	14696	16387	18111	19747	21004	22888	25643	27860	30304	33023	34861	36177	35888	41112	47543
1	97	3628	3518	4211	5553	6370	6668	6915	7333	7836	8572	9310	10011	11194	12594	14044	15449	16573	18206	20550	22478	24601	26958	28607	29835	29734	34219
1	98	2517	2420	2437	2927	3875	4466	4699	4901	5231	5629	6206	6798	7375	8324	9458	10652	11831	12813	14199	16157	17803	19615	21627	23081	24196	24238
1	99	1643	1610	1615	1631	1968	2616	3031	3208	3368	3620	3927	4367	4829	5290	6034	6930	7891	8858	9691	10843	12447	13824	15345	17033	18286	19277
1	100	1011	1006	1033	1039	1053	1277	1707	1990	2119	2242	2429	2658	2985	3335	3691	4259	4950	5704	6478	7167	8101	9389	10521	11772	13161	14218
1	101	578	590	618	637	644	655	800	1075	1262	1353	1443	1577	1743	1977	2236	2503	2925	3443	4020	4622	5177	5917	6930	7841	8848	9966
1	102	304	322	346	364	378	383	392	482	652	769	834	897	990	1105	1269	1453	1647	1951	2329	2758	3215	3650	4223	5002	5717	6509
1	103	161	159	181	194	205	214	218	225	278	380	452	494	536	599	676	788	914	1051	1263	1531	1842	2179	2509	2942	3527	4075
1	104	82	80	85	97	104	110	116	119	124	154	213	254	282	309	350	400	473	556	650	793	977	1196	1437	1683	2000	2428
1	105 - 109	73	67	70	73	82	88	95	102	109	115	136	179	225	267	306	351	405	485	585	705	869	1095	1378	1725	2122	2602
1	110 and over	2	1	0	0	0	0	0	0	0	1	1	1	1	1	1	2	3	4	5	6	9	11	14	19	27	38
2	0	379368	378459	391897	397898	403977	409616	415277	420998	426375	431315	435882	439440	441343	442020	442109	442122	442290	442881	444093	445748	447911	450598	453888	457808	462202	466543
2	1	389551	381475	380511	393770	399774	405719	411316	416935	422659	428039	432981	437553	441112	443020	443701	443796	443812	443985	444583	445797	447455	449622	452313	455605	459529	463925
2	2	403951	392215	384044	382887	396143	401998	407892	413441	419061	424786	430166	435109	439683	443242	445151	445833	445931	445949	446122	446722	447937	449596	451763	454457	457749	461674
2	3	398986	406300	394499	386138	384987	398096	403903	409752	415300	420920	426646	432027	436971	441546	445105	447013	447696	447796	447815	447988	448590	449807	451468	453634	456328	459622
2	4	392241	401053	408325	396339	387990	386698	399764	405527	411376	416926	422546	428271	433652	438596	443172	446734	448642	449325	449425	449445	449619	450222	451437	453099	455266	457960
2	5	388490	394095	402890	409982	398007	389524	388191	401219	406983	412832	418382	424002	429728	435110	440054	444630	448193	450100	450785	450884	450905	451079	451684	452900	454563	456730
2	6	391280	390137	395735	404359	411463	399366	390846	389479	402507	408270	414119	419672	425291	431016	436400	441343	445920	449483	451391	452077	452177	452199	452373	452977	454194	455858
2	7	377729	392791	391654	397089	405727	412706	400579	392026	390660	403689	409451	415301	420855	426475	432199	437583	442526	447104	450667	452575	453261	453363	453384	453559	454163	455381
2	8	370572	379162	394229	392936	398385	406908	413857	401701	393149	391785	404815	410576	416426	421979	427600	433325	438710	443652	448230	451794	453703	454387	454493	454514	454688	455292
2	9	355814	371976	380547	395482	394200	399547	408043	414965	402810	394258	392896	405927	411686	417538	423090	428712	434435	439822	444765	449343	452907	454816	455500	455606	455628	455803
2	10	349411	357222	373358	381808	396749	395378	400696	409164	416088	403935	395383	394022	407053	412812	418665	424217	429840	435562	440949	445893	450471	454036	455945	456630	456736	456757
2	11	339211	350840	358619	374641	383096	397951	396557	401848	410317	417243	405092	396539	395179	408209	413969	419823	425376	430999	436720	442107	447051	451630	455195	457105	457790	457897
2	12	334246	340696	352277	359948	375971	384347	399174	397756	403049	411517	418443	406294	397744	396383	409413	415173	421026	426580	432204	437925	443312	448257	452835	456400	458311	458997
2	13	344292	335690	342086	353567	361243	377189	385539	400341	398924	404218	412686	419613	407465	398917	397555	410584	416346	422200	427753	433379	439100	444485	449433	454010	457574	459486
2	14	351786	345674	337012	343319	354798	362405	378327	386655	401456	400041	405335	413803	420730	408584	400038	398675	411703	417467	423322	428873	434501	440224	445607	450557	455133	458699
2	15	363542	353451	347243	338487	344787	356193	363767	379661	387987	402788	401374	406669	415137	422065	409919	401375	400014	413041	418806	424663	430213	435841	441565	446947	451898	456475
2	16	368365	365574	355323	349018	340246	346465	357830	365363	381257	389582	404384	402968	408266	416733	423664	411520	402977	401618	414644	420408	426265	431817	437445	443169	448552	453502
2	17	379140	370821	367805	357449	351112	342254	348421	359733	367266	383158	391483	406286	404870	410171	418637	425568	413426	404883	403526	416552	422318	428175	433728	439356	445080	450465
2	18	378465	383203	374477	371323	360909	354454	345513	351597	362910	370443	386334	394662	409462	408049	413350	421817	428748	416609	408066	406711	419737	425502	431362	436914	442543	448267
2	19	385249	385772	389745	380817	377548	366956	360357	351282	357365	368679	376212	392102	400431	415231	413819	419119	427588	434520	422382	413841	412487	425515	431277	437139	442692	448320
2	20	402761	394650	394156	397860	388770	385266	374478	367689	358618	364702	376017	383549	399437	407767	422566	421156	426457	434925	441860	429726	421186	419833	432862	438624	444484	450038
2	21	409355	412458	403267	402456	405971	396605	392872	381868	375083	366013	372100	383413	390946	406833	415163	429962	428554	433856	442325	449258	437128	428590	427238	440267	446030	451892
2	22	431579	420395	422237	412678	411638	414825	405189	401195	390196	383415	374345	380435	391748	399281	415168	423498	438295	436889	442190	450662	457595	445466	436931	435582	448610	454373
2	23	440935	443128	430613	432059	422260	420870	423761	413851	409858	398863	392085	383018	389108	400421	407954	423839	432170	446967	445564	450865	459338	466272	454145	445612	444265	457293
2	24	434269	450915	451948	439054	440283	430149	428490	431123	421217	417225	406238	399461	390398	396488	407801	415334	431219	439549	454345	452945	458246	466718	473654	461531	453000	451652
2	25	435179	442320	458001	458658	445569	446473	436089	434191	436824	426923	422932	411952	405177	396118	402208	413519	421052	436938	445269	460063	458665	463968	472438	479375	467257	458729
2	26	443113	441942	448263	463568	464045	450638	451309	440701	438805	441442	431544	427554	416580	409806	400752	406843	418153	425687	441572	449903	464696	463302	468605	477074	484012	471898
2	27	437852	449223	447343	453296	468446	468615	454996	455465	444862	442969	445607	435713	431726	420758	413987	404935	411029	422336	429871	445755	454087	468879	467487	472791	481259	488199
2	28	437743	443296	454061	451831	457654	472506	472484	458683	459153	448555	446666	449306	439415	435430	424467	417700	408652	414747	426054	433591	449472	457804	472596	471207	476513	484980
2	29	440382	442629	447652	458086	455745	461296	475965	475780	461987	462458	451864	449979	452620	442735	438753	427795	421031	411988	418085	429390	436928	452808	461140	475929	474545	479851
2	30	432642	444342	446190	450906	461249	458659	464060	478585	478400	464617	465090	454500	452620	455261	445383	441403	430450	423690	414651	420750	432054	439595	455474	463806	478592	477212
2	31	437664	435657	447080	448647	453298	463408	460695	465975	480499	480315	466542	467017	456432	454556	457198	447328	443352	432404	425650	416613	422715	434018	441560	457436	465771	480556
2	32	439217	440281	438056	449211	450726	455163	465160	462343	467622	482143	481962	468196	468676	458096	456224	458868	449005	445034	434092	427343	418312	424414	435716	443261	459133	467469
2	33	441807	441473	442368	439897	451006	452323	456661	466561	463749	469029	483546	483370	469611	470096	459520	457653	460299	450443	446477	435542	428796	419772	425877	437178	444725	460596
2	34	441724	443723	443263	443923	441421	452340	453568	457822	467719	464913	470195	484709	484536	470787	471275	460707	458845	461493	451644	447683	436756	430016	420997	427104	438404	445953
2	35	422382	443177	445094	444407	445042	442365	453200	454351	458609	468503	465702	470985	485496	485327	471587	472078	461520	459662	462314	452471	448515	437596	430862	421850	427959	439259
2	36	394082	423481	444184	445908	445190	445674	442925	453683	454837	459097	468989	466194	471480	485987	485821	472092	472589	462038	460185	462841	453006	449056	438145	431418	422412	428525
2	37	387352	395074	424382	444898	446591	445735	446153	443342	454099	455256	459518	469409	466620	471906	486410	486249	472531	473035	462492	460644	463305	453477	449535	438632	431913	422912
2	38	396798	388247	395900	425024	445501	447064	446145	446506	443700	454455	455616	459881	469771	466988	472277	486777	486623	472916	473425	462892	461050	463714	453898	449962	439067	432357
2	39	404756	397598	388987	396490	425570	445919	447423	446449	446816	444017	454770	455935	460203	470092	467316	472607	487105	486956	473262	473778	463257	461420	464088	454283	450354	439469
2	40	412848	405574	398354	389622	397096	426054	446336	447789	446820	447193	444402	455154	456323	460593	470482	467714	473006	487502	487360	473680	474201	463695	461864	464537	454743	450821
2	41	430838	413634	406306	398977	390234	397609	426496	446721	448178	447215	447594	444811	455562	456737	461011	470898	468141	473437	487928	487791	474128	474655	464162	462339	465017	455233
2	42	450342	431496	414267	406835	399496	390674	398002	426826	447042	448505	447549	447936	445163	455911	457092	461370	471258	468509	473809	488298	488168	474523	475054	464576	462761	465445
2	43	468294	450871	432010	414703	407262	399854	391005	398292	427096	447302	448771	447823	448217	445455	456202	457391	461673	471560	468822	474126	488612	488490	474864	475400	464938	463129
2	44	456973	468632	451207	432284	414986	407488	400056	391185	398474	427258	447452	448931	447992	448392	445644	456388	457585	461873	471760	469032	474341	488824	488710	475102	475646	465198
2	45	469255	457226	468856	451381	432473	415139	407623	400175	391324	398613	427376	447560	449047	448119	448527	445790	456535	457738	462033	471921	469205	474517	488997	488893	475303	475856
2	46	469484	469356	457342	468899	451441	432512	415177	407651	400222	391392	398684	427424	447597	449094	448175	448595	445869	456614	457825	462126	472015	469313	474627	489106	489011	475441
2	47	474129	469483	469363	457321	468859	451389	432468	415142	407638	400228	391421	398715	427433	447595	449100	448193	448626	445911	456656	457878	462185	472073	469386	474704	489181	489097
2	48	476499	474059	469430	469274	457249	468739	451284	432377	415089	407609	400219	391437	398733	427426	447577	449093	448197	448643	445942	456687	457919	462234	472122	469449	474773	489248
2	49	480520	476362	473940	469288	469131	457104	468566	451127	432265	415019	407562	400197	391440	398738	427406	447543	449070	448190	448649	445963	456708	457950	462273	472163	469502	474834
2	50	475802	480324	476195	473749	469108	468932	456920	468354	450962	432146	414945	407512	400174	391443	398745	427386	447510	449047	448181	448655	445987	456729	457984	462316	472207	469561
2	51	465288	475518	480058	475917	473477	468827	468646	456652	468083	450742	431978	414824	407419	400108	391406	398711	427322	447431	448981	448132	448619	445970	456712	457980	462320	472213
2	52	454042	464869	475118	479628	475500	473053	468409	468226	456276	467706	450418	431708	414605	407229	399947	391276	398584	427164	447257	448820	447987	448492	445863	456605	457887	462235
2	53	438923	453480	464331	474542	479048	474920	472480	467846	467686	455784	467210	449980	431328	414278	406934	399683	391048	398357	426904	446981	448558	447741	448264	445658	456400	457696
2	54	421507	438260	452833	463648	473838	478332	474217	471787	467186	467051	455201	466624	449454	430864	413874	406564	399345	390747	398059	426569	446628	448223	447425	447966	445383	456125
2	55	412983	420796	437555	452085	462877	473039	477526	473430	471032	466468	466361	454565	465985	448882	430359	413430	406158	398975	390416	397731	426203	446241	447853	447077	447639	445080
2	56	403713	412167	420024	436729	451223	461985	472128	476610	472555	470193	465668	465590	453855	465267	448237	429788	412923	405691	398548	390030	397349	425780	445796	447429	446675	447258
2	57	389635	402758	411259	419094	435752	450206	460942	471062	475562	471552	469227	464747	464698	453027	464435	447481	429111	412316	405127	398027	389554	396878	425265	445256	446910	446183
2	58	375852	388565	401727	410204	418023	434631	449047	459759	469876	474395	470433	468148	463715	463699	452097	463501	446628	428342	411622	404479	397423	388999	396327	424667	444636	446310
2	59	363134	374709	387470	400587	409046	416848	433406	447781	458490	468605	473143	469233	466992	462609	462629	451099	462500	445714	427516	410878	403784	396775	388402	395737	424025	443970
2	60	364896	361821	373458	386175	399250	407690	415477	431988	446338	457042	467157	471716	467860	465666	461337	461397	449944	461342	444649	426545	409992	402951	395993	387675	395017	423252
2	61	360037	363343	360424	372019	384694	397727	406148	413926	430403	444729	455426	465541	470124	466326	464182	459911	460011	448640	460035	443441	425438	408977	401991	395087	386826	394176
2	62	351210	358404	361840	358953	370508	383137	396129	404535	412315	428755	443057	453748	463861	468471	464733	462643	458435	458576	447294	458686	442196	424300	407937	401008	394164	385964
2	63	354230	349463	356779	360215	357367	368881	381461	394410	402816	410599	427000	441276	451962	462074	466711	463040	461007	456865	457052	445861	457250	440872	423089	406828	399964	393181
2	64	362424	352226	347680	354973	358413	355609	367078	379612	392528	400932	408723	425081	439331	450009	460122	464789	461191	459217	455144	455379	444288	455675	439414	421751	405598	398803
2	65	370569	360073	350171	345689	352961	356406	353649	365075	377575	390458	398861	406657	422970	437193	447866	457978	462676	459154	457244	453247	453533	442547	453932	437794	420260	404222
2	66	390854	367784	357644	347857	343443	350699	354155	351451	362844	375310	388159	396561	404363	420631	434824	445492	455605	460336	456894	455054	451134	451477	440603	451985	435978	418580
2	67	422532	387549	365005	354999	345340	341002	348240	351709	349078	360436	372864	385679	394081	401887	418107	432270	442933	453046	457813	454458	452691	448855	449256	438503	449881	434016
2	68	327926	418528	384283	362005	352149	342623	338370	345589	349085	346532	357854	370242	383003	391389	399203	415370	429501	440158	450271	455078	451816	450128	446383	446846	436224	447600
2	69	319014	324482	414502	380686	358699	349003	339624	335466	342678	346201	343730	355014	367329	380019	388403	396225	412336	426433	437083	447198	452048	448887	447285	443638	444170	433684
2	70	317850	315222	321020	410107	376752	355081	345555	336337	332288	339495	343051	340667	351877	364112	376760	385144	392975	409028	423088	433731	443848	448743	445690	444180	440636	441244
2	71	298903	313638	311482	317290	405384	372521	351184	341843	332805	328874	336075	339665	337359	348510	360698	373302	381688	389528	405518	419540	430175	440296	445238	442298	440883	437451
2	72	269362	294475	309472	307440	313261	400293	367958	346979	337844	328998	325194	332387	336014	333811	344919	357059	369615	378003	385856	401776	415759	426387	436510	441502	438683	437371
2	73	244678	264915	290108	304982	303085	308917	394811	363046	342455	333539	324900	321231	328417	332084	329991	341053	353142	365648	374035	381901	397749	411688	422309	432435	437481	434789
2	74	252632	240189	260552	285423	300167	298412	304254	388932	357778	337605	328924	320504	316980	324157	327868	325893	336906	348940	361392	369780	377659	393430	407320	417936	428063	433167
2	75	250767	247417	235762	255847	280375	294976	293373	299230	382611	352109	332381	323951	315764	312396	319567	323323	321473	332434	344410	356808	365192	373086	388776	402611	413219	423349
2	76	243576	244956	242296	231001	250787	274947	289394	287951	293826	375819	346013	326760	318598	310663	307461	314626	318432	316716	327621	339532	351870	360252	368160	383762	397540	408137
2	77	232435	237216	239247	236783	225872	245338	269101	283383	282115	288007	368507	339446	320702	312827	305158	302134	309290	313151	311578	322422	334266	346536	354917	362839	378344	392062
2	78	222261	225578	230981	233112	230854	220352	239474	262807	276911	275827	281735	360631	332364	314166	306599	299218	296386	303531	307448	306032	316808	328579	340774	349153	357091	372491
2	79	211358	214830	218862	224282	226516	224476	214410	233159	256031	269942	269052	274974	352139	324728	307115	299874	292800	290172	297305	301283	300033	310736	322428	334543	342917	350868
2	80	196703	203311	207554	211650	217083	219424	217614	208008	226358	248732	262430	261743	267676	342977	316480	299492	292604	285858	283450	290569	294610	293537	304161	315764	327791	336158
2	81	187790	188181	195476	199778	203936	209376	211827	210255	201139	219055	240891	254355	253881	259819	333113	307593	291273	284762	278366	276191	283293	287403	286518	297055	308560	320488
2	82	182572	178526	179923	187136	191489	195706	201144	203703	202381	193781	211229	232484	245691	245438	251375	322515	298037	282429	276314	270294	268365	275445	279624	278943	289382	300777
2	83	173687	172331	169612	171189	178309	182707	186971	192400	195065	194002	185943	202884	223512	236436	236410	242341	311171	287800	272948	267254	261631	259962	267015	271264	270797	281128
2	84	162214	162614	162531	160234	161988	168996	173431	177734	183141	185908	185110	177616	194011	213964	226576	226785	232699	299055	276856	262805	257555	252351	250954	257974	262293	262050
2	85	145959	150462	152091	152285	150415	152341	159216	163676	168006	173377	176237	175706	168801	184605	203833	216103	216549	222437	286151	265190	251984	247197	242433	241321	248299	252687
2	86	130835	133959	139388	141172	141639	140195	142284	149004	153472	157813	163129	166075	165812	159514	174683	193134	205028	205711	211560	272465	252803	240482	236177	231872	231054	237980
2	87	118553	118644	122760	128002	129928	130655	129634	131873	138413	142870	147205	152444	155457	155458	149783	164274	181892	193379	194296	200089	258016	239710	228313	224504	220673	220158
2	88	106998	106056	107405	111373	116407	118458	119432	118818	121186	127521	131940	136248	141386	144450	144705	139659	153429	170162	181203	182348	188066	242858	225955	215512	212211	208867
2	89	93950	94276	94699	96125	99924	104727	106880	108080	107850	110323	116418	120773	125025	130036	133130	133627	129211	142217	158016	168574	169934	175556	227065	211601	202135	199347
2	90	82630	81382	82892	83458	84938	88549	93097	95324	96720	96843	99391	105214	109473	113639	118493	121593	122310	118515	130720	145539	155576	157132	162635	210731	196730	188255
2	91	72032	70245	70353	71824	72509	74020	77420	81688	83956	85510	85947	88534	94052	98182	102229	106894	109972	110886	107695	119062	132861	142340	144072	149426	194007	181476
2	92	62358	59987	59605	59841	61256	62032	63544	66712	70676	72945	74614	75317	77906	83087	87051	90946	95390	98414	99496	96881	107381	120128	129016	130896	136072	177064
2	93	52393	50759	49866	49670	50005	51345	52180	53664	56579	60216	62447	64184	65100	67648	72461	76224	79932	84126	87063	88279	86202	95816	107488	115755	117749	122716
2	94	39318	41597	41264	40639	40593	40996	42245	43106	44530	47176	50470	52621	54377	55448	57912	62333	65862	69351	73264	76082	77394	75808	84526	95114	102735	104806
2	95	24889	30386	33015	32835	32429	32498	32941	34082	34937	36274	38639	41578	43610	45337	46505	48846	52855	56121	59361	62968	65635	67003	65855	73681	83187	90149
2	96	16903	18700	23506	25616	25552	25320	25467	25923	26944	27763	28990	31067	33648	35529	37182	38390	40573	44159	47140	50106	53388	55879	57264	56493	63443	71889
2	97	13102	12326	14093	17760	19419	19438	19333	19527	19970	20864	21624	22723	24516	26744	28448	29989	31186	33184	36347	39027	41703	44651	46940	48306	47849	53953
2	98	10008	9262	9035	10362	13098	14375	14446	14429	14642	15055	15819	16502	17462	18983	20870	22381	23784	24927	26720	29468	31840	34219	36830	38902	40216	40010
2	99	7155	6847	6594	6452	7426	9419	10383	10481	10519	10731	11098	11738	12332	13150	14415	15985	17295	18540	19596	21174	23525	25592	27674	29954	31800	33034
2	100	4888	4728	4728	4565	4484	5182	6599	7309	7416	7483	7680	7993	8515	9017	9698	10726	12008	13118	14197	15145	16505	18485	20256	22048	24008	25627
2	101	3126	3110	3158	3166	3069	3027	3514	4496	5008	5109	5187	5358	5619	6032	6442	6994	7814	8838	9758	10670	11495	12645	14283	15774	17292	18950
2	102	1837	1910	2003	2041	2053	1999	1981	2312	2975	3333	3422	3498	3640	3848	4168	4493	4929	5565	6367	7109	7863	8563	9512	10844	12076	13340
2	103	1071	1058	1168	1229	1257	1271	1243	1239	1454	1885	2126	2198	2266	2376	2536	2774	3022	3353	3833	4442	5023	5625	6199	6963	8018	9010
2	104	613	577	610	676	714	733	746	734	736	871	1137	1293	1348	1401	1484	1601	1770	1952	2195	2543	2990	3430	3894	4348	4945	5758
2	105 - 109	692	614	612	631	679	730	771	806	818	830	921	1131	1347	1513	1646	1780	1941	2156	2422	2758	3221	3832	4557	5379	6276	7327
2	110 and over	14	10	9	9	9	9	9	9	9	11	12	13	15	16	18	24	30	37	45	54	63	76	90	110	140	184
