Sex	Age	2014	2015	2016	2017	2018	2019	2020	2021	2022	2023	2024	2025	2026	2027	2028	2029	2030	2031	2032	2033	2034	2035	2036	2037	2038	2039
1	0	398997	396596	390384	385963	382353	378988	375705	372469	369481	366798	364277	361934	359717	357486	355322	353382	351838	350761	350084	349802	349980	350616	351650	353014	354577	356162
1	1	410138	401112	398317	391928	387518	383773	380369	377046	373814	370834	368158	365640	363300	361090	358862	356702	354764	353222	352146	351472	351191	351369	352006	353039	354403	355965
1	2	424084	412798	403313	400315	393928	389365	385566	382113	378794	375561	372582	369909	367391	365053	362844	360618	358459	356521	354981	353904	353230	352950	353127	353765	354798	356162
1	3	418717	426487	414787	405104	402109	395573	390958	387112	383662	380345	377113	374133	371462	368944	366607	364398	362173	360015	358076	356538	355461	354787	354507	354684	355322	356355
1	4	410610	420910	428321	416419	406747	403598	397016	392359	388513	385065	381750	378518	375539	372869	370351	368015	365806	363581	361425	359486	357947	356869	356197	355917	356094	356732
1	5	406814	412520	422519	429732	417844	408023	404834	398213	393557	389712	386264	382950	379719	376740	374071	371553	369217	367009	364785	362628	360690	359151	358073	357402	357121	357298
1	6	410302	408380	413841	423659	430884	418866	409009	405785	399166	394510	390666	387218	383905	380676	377696	375028	372510	370175	367967	365742	363585	361649	360111	359031	358361	358081
1	7	397054	411707	409571	414867	424701	431800	419752	409867	406644	400025	395371	391528	388078	384766	381537	378560	375892	373372	371038	368832	366607	364449	362512	360976	359896	359225
1	8	388063	398410	412850	410564	415870	425594	432659	420583	410698	407477	400859	396205	392364	388914	385603	382372	379395	376728	374209	371874	369668	367444	365287	363350	361815	360735
1	9	373006	389366	399501	413798	411523	416722	426417	433453	421377	411493	408272	401654	397001	393160	389711	386401	383171	380196	377529	375010	372675	370468	368245	366088	364151	362617
1	10	366463	374335	390482	400484	414788	412415	417585	427250	434288	422213	412330	409109	402493	397839	393999	390550	387239	384010	381036	378369	375850	373517	371308	369087	366929	364992
1	11	356301	367870	375528	391547	401555	415761	413362	418502	428166	435205	423131	413248	410028	403413	398760	394920	391471	388161	384932	381958	379291	376774	374441	372232	370012	367853
1	12	350571	357711	369053	376596	392617	402537	416713	414288	419429	429092	436131	424060	414176	410956	404342	399689	395849	392402	389091	385863	382889	380222	377707	375373	373164	370944
1	13	359210	351995	358896	370134	377676	393615	403508	417655	415230	420373	430036	437073	425007	415124	411904	405292	400641	396800	393355	390042	386814	383842	381174	378659	376325	374116
1	14	370466	360729	353257	360060	371294	378757	394667	404531	418678	416254	421396	431061	438097	426033	416151	412931	406320	401670	397829	394385	391074	387847	384875	382209	379694	377359
1	15	382196	372463	362358	354782	361570	372722	380145	396018	405882	420027	417607	422748	432413	439449	427388	417507	414288	407678	403031	399190	395747	392435	389210	386237	383572	381058
1	16	387348	384657	374423	364208	356611	363309	374410	381782	397655	407519	421662	419244	424385	434051	441087	429028	419149	415932	409325	404678	400838	397395	394085	390860	387888	385223
1	17	399339	390267	386918	376572	366318	358628	365263	376303	383675	399547	409412	423553	421137	426279	435944	442980	430924	421047	417831	411229	406583	402745	399301	395992	392768	389796
1	18	403292	403493	393470	389939	379546	369145	361368	367915	378955	386328	402197	412062	426204	423789	428930	438597	445631	433580	423705	420490	413893	409247	405411	401968	398658	395436
1	19	405326	409888	408634	398277	394681	384019	373479	365569	372116	383157	390530	406398	416261	430402	427991	433130	442798	449831	437783	427913	424701	418106	413462	409629	406187	402875
1	20	423227	413898	416358	414618	404165	400185	389317	378587	370683	377232	388274	395646	411512	421374	435513	433106	438245	447912	454944	442901	433034	429823	423232	418589	414757	411318
1	21	425645	432504	420535	422439	420560	409661	405429	394320	383599	375703	382253	393296	400666	416529	426392	440526	438122	443262	452927	459960	447921	438058	434847	428259	423619	419788
1	22	439175	435864	439602	427024	428756	426374	415181	410667	399569	388857	380969	387518	398561	405930	421791	431652	445784	443383	448522	458184	465216	453181	443324	440114	433530	428891
1	23	456389	449920	443149	446229	433462	434655	431947	420445	415938	404848	394145	386264	392814	403856	411225	427083	436940	451071	448672	453810	463470	470501	458471	448617	445407	438828
1	24	449824	466302	456390	448966	451850	438549	439417	436401	424907	420407	409326	398631	390755	397307	408345	415715	431568	441425	455553	453156	458293	467950	474980	462954	453103	449895
1	25	441752	457600	470875	460332	452743	455108	441508	442088	439079	427594	423100	412028	401339	393469	400023	411058	418428	434277	444131	458255	455860	460997	470648	477677	465656	455810
1	26	444147	447893	460765	473436	462742	454670	456753	442889	443475	440471	428995	424507	413444	402761	394897	401451	412484	419852	435698	445547	459670	457275	462411	472060	479087	467069
1	27	430783	449726	450710	463008	475529	464377	456048	457877	444024	444617	441619	430151	425669	414615	403938	396079	402632	413664	421030	436872	446717	460836	458441	463577	473221	480247
1	28	439328	435753	452134	452589	464749	476835	465443	456888	458722	444879	445477	442485	431026	426549	415504	404834	396981	403532	414561	421925	437763	447603	461717	459322	464456	474096
1	29	440748	443861	437919	453808	454139	465899	477753	466153	457607	459447	445615	446216	443229	431781	427309	416272	405609	397761	404311	415337	422699	438529	448366	462474	460080	465212
1	30	428719	443841	444904	438538	454314	454296	465854	477513	465927	457391	459235	445416	446021	443038	431600	427134	416105	405451	397609	404156	415176	422537	438358	448191	462293	459898
1	31	431951	430468	443834	444516	438070	453530	453347	464740	476395	464824	456299	458144	444339	444947	441970	430540	426080	415060	404414	396577	403121	414137	421494	437307	447135	461230
1	32	430780	433399	430357	443350	443963	437229	452526	452203	463595	475244	463686	455174	457021	443229	443839	440867	429446	424991	413980	403344	395514	402052	413064	420416	436219	446041
1	33	435537	431764	433030	429635	442567	442896	436034	451189	450871	462262	473906	462359	453859	455707	441928	442539	439574	428164	423713	412712	402083	394262	400796	411799	419146	434940
1	34	436154	436300	431342	432263	428835	441486	441691	434717	449864	449552	460938	472575	461041	452552	454402	440637	441250	438288	426891	422444	411453	400833	393019	399551	410543	417886
1	35	419401	436709	435821	430561	431450	427780	440314	440415	433453	448588	448282	459662	471291	459771	451292	453143	439392	440007	437049	425664	421222	410243	399631	391824	398353	409335
1	36	391384	419745	436127	434970	429691	430368	426610	439041	439144	432192	447317	447015	458388	470006	458500	450033	451885	438148	438766	435810	424437	420001	409034	398433	390633	397158
1	37	386312	391667	419163	435275	434095	428625	429217	425382	437804	437909	430969	446081	445782	457146	468753	457262	448808	450658	436936	437555	434602	423243	418813	407857	397268	389478
1	38	392139	386567	391149	418382	434450	433094	427551	428069	424242	436654	436761	429830	444928	444632	455987	467581	456104	447664	449513	435808	436428	433478	422133	417710	406766	396189
1	39	399506	392357	386075	390445	417617	433501	432072	426464	426985	423167	435566	435675	428757	443839	443544	454888	466468	455006	446579	448427	434741	435363	432414	421084	416668	405739
1	40	405724	399184	391384	384924	389265	416250	432045	430550	424956	425480	421671	434055	434165	427260	442323	442031	453361	464925	453481	445068	446915	433248	433870	430925	419612	415200
1	41	424493	404925	397781	389830	383361	387568	414448	430165	428671	423090	423618	419818	432186	432298	425404	440448	440157	451474	463021	451594	443196	445041	431396	432016	429076	417780
1	42	442516	423718	403603	396329	388369	381801	385944	412724	428420	426934	421363	421893	418104	430454	430570	423689	438711	438422	449723	461252	449845	441460	443303	429681	430302	427367
1	43	454033	441726	422426	402224	394942	386896	380288	384374	411113	426785	425305	419749	420283	416502	428833	428953	422084	437083	436797	448081	459594	448206	439834	441674	428075	428695
1	44	444445	453214	440431	421061	400877	393522	385443	378805	382889	409585	425233	423760	418218	418755	414985	427297	427419	420563	435540	435254	446520	458016	446647	438291	440129	426554
1	45	455317	444001	452269	439426	420074	399857	392476	384370	377752	381836	408488	424111	422646	417119	417659	413901	426193	426319	419475	434429	434145	445391	456868	445520	437178	439015
1	46	455778	455112	443373	451552	438718	419349	399134	391735	383655	377057	381141	407745	423345	421887	416375	416920	413173	425444	425573	418743	433671	433390	444617	456073	444748	436420
1	47	464071	455447	454376	442606	450751	437892	418539	398338	390966	382911	376336	380419	406975	422551	421102	415605	416154	412419	424669	424801	417988	432886	432608	443814	455249	443945
1	48	461610	463585	454599	453484	441733	449819	436965	417630	397490	390146	382117	375566	379649	406154	421705	420265	414786	415338	411616	423842	423980	417183	432050	431773	442956	454368
1	49	465864	461009	462619	453620	452500	440749	448793	435951	416678	396601	389288	381288	374761	378843	405296	420821	419388	413929	414484	410775	422976	423116	416336	431174	430897	442055
1	50	461541	464964	459823	461405	452429	451287	439555	447565	434774	415569	395557	388275	380307	373805	377885	404285	419779	418355	412915	413472	409776	421952	422093	415330	430135	429860
1	51	453132	460306	463472	458335	459918	450954	449811	438105	446115	433376	414241	394297	387048	379110	372637	376714	403056	418517	417101	411681	412240	408557	420706	420848	414102	428869
1	52	444765	451737	458671	461815	456705	458275	449338	448197	436549	444556	431874	412812	392940	385725	377821	371375	375450	401724	417151	415743	410343	410903	407232	419349	419492	412767
1	53	430028	443285	450028	456935	460081	454987	456554	447651	446539	434953	442952	430331	411344	391551	384371	376500	370084	374155	400355	415740	414342	408963	409522	405866	417950	418089
1	54	412989	428434	441455	448172	455068	458205	453137	454699	445858	444775	433254	441245	428686	409780	390070	382927	375092	368706	372771	398890	414227	412837	407481	408040	404397	416442
1	55	403877	411285	426504	439477	446182	453059	456192	451159	452741	443962	442908	431453	439436	426942	408121	388501	381395	373598	367246	371303	397329	412616	411234	405900	406457	402828
1	56	394739	402068	409313	424472	437406	444098	450961	454092	449115	450718	442005	440979	429594	437562	425140	406413	386886	379819	372064	365744	369792	395716	410944	409571	404260	404816
1	57	380158	392780	399964	407195	422300	435186	441864	448710	451859	446941	448565	439920	438924	427612	435562	423215	404586	385162	378135	370423	364136	368174	393986	409150	407782	402495
1	58	366613	377969	390421	397593	404811	419856	432691	439354	446200	449368	444511	446153	437578	436611	425379	433306	421038	402516	383199	376215	368547	362298	366319	392009	407102	405741
1	59	352170	364183	375391	387793	394951	402154	417130	429913	436576	443420	446605	441809	443470	434969	434030	422880	430781	418596	400188	380985	374046	366426	360215	364219	389772	404784
1	60	351859	349638	361494	372654	385005	392144	399327	414229	426972	433631	440470	443670	438937	440615	432190	431281	420218	428087	415989	397702	378622	371728	364159	357986	361971	387375
1	61	347724	349121	346848	358647	369754	382046	389162	396325	411162	423859	430509	437339	440550	435881	437575	429231	428349	417377	425211	413203	395046	376097	369252	361735	355603	359563
1	62	336380	344779	346113	343898	355634	366683	378911	385998	393154	407920	420565	427203	434021	437239	432637	434344	426082	425227	414350	422144	410231	392210	373398	366606	359143	353055
1	63	338723	333376	341665	343031	340874	352543	363531	375686	382764	389907	404593	417177	423799	430599	433823	429287	431005	422827	421999	411221	418967	407155	389278	370612	363876	356469
1	64	344106	335439	330145	338398	339794	337699	349294	360214	372307	379373	386495	401094	413610	420212	426987	430214	425746	427472	419382	418577	407904	415596	403889	386164	367655	360975
1	65	353019	340380	331835	326654	334866	336295	334257	345773	356636	368659	375705	382804	397304	409742	416318	423066	426291	421890	423621	415623	414838	404276	411906	400310	382747	364404
1	66	370692	348842	336421	328046	322982	331151	332607	330630	342076	352873	364821	371838	378907	393300	405648	412192	418906	422125	417794	419525	411622	410857	400408	407972	396493	379102
1	67	401134	365847	344430	332258	324059	319120	327238	328724	326823	338191	348913	360774	367759	374790	389064	401312	407816	414488	417696	413434	415163	407360	406615	396283	403771	392416
1	68	308634	395193	360651	339650	327737	319724	314912	322975	324501	322679	333955	344594	356345	363275	370261	384400	396536	402993	409616	412808	408617	410338	402640	401910	391704	399106
1	69	297414	303532	388885	355029	334462	322818	314997	310317	318329	319894	318155	329326	339843	351457	358340	365273	379259	391267	397668	404230	407400	403283	404993	397403	396689	386619
1	70	296179	291927	298158	382163	349026	328915	317551	309931	305400	313352	314951	313293	324321	334704	346192	353016	359888	373704	385571	391905	398395	401537	397496	399188	391710	391011
1	71	273379	290065	286182	292431	374996	342616	322979	311907	304507	300127	308008	309641	308051	318933	329194	340541	347297	354097	367726	379433	385692	392099	395203	391239	392911	385550
1	72	242111	267108	283719	280083	286342	367368	335779	316636	305877	298703	294478	302277	303937	302427	313162	323286	334477	341151	347866	361289	372818	378992	385306	388364	384478	386122
1	73	216089	236014	260702	277088	273698	279959	359344	328580	309962	299529	292585	288518	296221	297905	296476	307047	317016	328035	334614	341233	354426	365757	371831	378038	381043	377237
1	74	222378	210166	229862	254064	270200	267060	273310	350950	321054	302981	292883	286175	282269	289863	291564	290214	300602	310401	321225	327697	334205	347146	358256	364217	370303	373248
1	75	218365	215642	204143	223421	247105	262961	260072	266300	342086	313097	295589	285837	279370	275626	283098	284807	283536	293721	303329	313938	320290	326671	339335	350202	356033	361986
1	76	210403	211008	208781	197807	216638	239760	255313	252671	258866	332676	304631	287712	278314	272095	268513	275846	277559	276362	286325	295719	306093	312307	318546	330903	341504	347190
1	77	196229	202504	203538	201568	191130	209476	231996	247211	244817	250962	322664	295603	279295	270264	264301	260882	268059	269766	268641	278358	287516	297629	303687	309766	321788	332097
1	78	183406	188002	194512	195703	193986	184095	201918	223788	238632	236483	242561	312008	285976	270304	261651	255949	252696	259696	261391	260336	269778	278677	288501	294382	300282	311937
1	79	171366	174823	179741	186179	187514	186043	176708	193967	215139	229576	227666	233653	300692	275735	260724	252461	247025	243943	250743	252415	251428	260568	269181	278684	284372	290073
1	80	154878	162382	166226	171141	177485	178952	177717	168950	185601	206020	220006	218331	224202	288669	264835	250513	242650	237488	234576	241152	242791	241868	250679	258976	268126	273600
1	81	143293	145752	153419	157307	162196	168418	169998	168994	160804	176800	196408	209897	208451	214183	275900	253238	239633	232183	227300	224559	230886	232482	231619	240067	248020	256787
1	82	134979	133804	136711	144173	148080	152916	158989	160665	159880	152274	167567	186299	199245	198015	203580	262367	240926	228067	221042	216444	213873	219927	221465	220658	228712	236289
1	83	122881	124905	124447	127424	134646	138545	143301	149191	150946	150368	143351	157888	175682	188034	187010	192379	248051	227880	215792	209205	204895	202496	208249	209717	208961	216587
1	84	109047	112544	115055	114911	117927	124872	128735	133377	139056	140865	140477	134051	147780	164576	176285	175452	180596	232967	214114	202820	196680	192662	190433	195859	197245	196536
1	85	94562	98742	102560	105127	105265	108288	114920	118713	123211	128647	130485	130271	124433	137304	153039	164057	163400	168285	217186	199690	189209	183522	179801	177737	182810	184103
1	86	81066	84537	88907	92607	95192	95577	98573	104856	108546	112867	118028	119869	119807	114552	126519	141135	151413	150915	155510	200783	184676	175027	169796	166373	164472	169169
1	87	70907	71446	75088	79213	82761	85329	85924	88858	94757	98307	102418	107270	109089	109155	104471	115493	128944	138439	138077	142353	183869	169172	160365	155594	152467	150729
1	88	60111	61521	62524	65921	69769	73132	75644	76410	79248	84729	88108	91975	96489	98258	98428	94299	104344	116591	125268	125019	128951	166616	153335	145375	141061	138229
1	89	49450	51260	52962	54001	57129	60676	63823	66244	67136	69843	74879	78053	81648	85795	87489	87740	84141	93187	104208	112040	111883	115447	149213	137344	130225	126363
1	90	40666	41375	43333	44923	45965	48804	52030	54933	57226	58202	60744	65313	68254	71551	75312	76904	77213	74114	82152	91938	98911	98825	102006	131873	121394	115101
1	91	32830	33325	34292	36033	37488	38501	41038	43927	46563	48698	49714	52063	56150	58833	61811	65172	66640	66981	64350	71386	79946	86059	86020	88812	114832	105710
1	92	26423	26310	27034	27909	29428	30732	31687	33915	36458	38811	40762	41777	43909	47507	49914	52559	55512	56839	57189	54988	61046	68409	73675	73665	76068	98360
1	93	20496	20667	20856	21496	22267	23565	24706	25581	27500	29698	31758	33504	34483	36382	39495	41613	43919	46467	47638	47978	46168	51287	57503	61952	61956	63978
1	94	14103	15612	15974	16169	16718	17381	18465	19440	20217	21836	23696	25463	26990	27902	29559	32199	34026	35995	38149	39158	39472	38007	42245	47384	51062	51069
1	95	8188	10436	11740	12047	12233	12690	13242	14125	14936	15607	16940	18478	19960	21265	22087	23497	25690	27229	28872	30651	31496	31775	30611	34039	38190	41157
1	96	5076	5873	7617	8593	8844	9010	9377	9825	10525	11180	11741	12810	14050	15262	16347	17064	18236	20012	21275	22614	24046	24733	24969	24063	26765	30032
1	97	3628	3518	4150	5397	6106	6303	6443	6730	7080	7619	8132	8584	9418	10391	11354	12232	12836	13783	15184	16192	17253	18372	18913	19102	18414	20484
1	98	2517	2420	2398	2836	3698	4197	4345	4458	4673	4937	5338	5727	6078	6709	7448	8190	8878	9370	10109	11183	11963	12777	13625	14036	14180	13671
1	99	1643	1610	1586	1574	1868	2443	2780	2889	2974	3130	3321	3608	3893	4155	4616	5159	5710	6231	6616	7174	7970	8554	9157	9778	10077	10182
1	100	1011	1006	1012	1000	994	1183	1552	1772	1848	1910	2019	2149	2348	2547	2736	3061	3445	3839	4220	4509	4916	5485	5905	6335	6772	6981
1	101	578	590	604	609	605	602	718	946	1083	1133	1176	1249	1335	1466	1600	1730	1950	2211	2482	2748	2956	3241	3632	3923	4218	4514
1	102	304	322	338	347	351	349	348	417	551	633	664	693	738	793	875	960	1046	1188	1358	1538	1715	1859	2049	2308	2501	2695
1	103	161	159	175	185	190	192	192	191	231	307	353	371	389	416	449	499	549	604	691	796	910	1024	1116	1240	1402	1526
1	104	82	80	83	91	96	99	100	101	100	122	161	188	198	207	224	241	270	299	331	382	445	513	583	639	715	813
1	105 - 109	73	67	68	69	73	78	81	82	83	84	96	121	147	167	179	192	209	232	259	290	333	391	460	534	603	687
1	110 and over	2	1	0	0	0	0	0	0	0	0	0	0	1	1	1	1	1	1	1	1	1	1	1	2	3	4
2	0	379368	377812	371884	367670	364222	361015	357885	354797	351947	349384	346979	344743	342627	340501	338435	336587	335112	334085	333438	333168	333337	333944	334929	336229	337719	339231
2	1	389551	381169	379240	373145	368938	365363	362117	358948	355864	353020	350461	348060	345828	343714	341592	339529	337682	336210	335185	334539	334270	334438	335046	336031	337330	338820
2	2	403951	391882	383070	380945	374856	370497	366874	363580	360412	357331	354488	351929	349529	347297	345186	343064	341004	339156	337685	336660	336014	335747	335913	336521	337507	338804
2	3	398986	405990	393536	384536	382419	376183	371779	368109	364816	361649	358571	355728	353169	350770	348537	346427	344309	342249	340401	338930	337905	337258	336994	337159	337766	338753
2	4	392241	400763	407431	394792	385801	383545	377264	372819	369151	365859	362690	359615	356772	354214	351815	349583	347472	345355	343296	341447	339976	338952	338303	338040	338205	338812
2	5	388490	393829	402065	408552	395924	386798	384505	378187	373742	370075	366784	363615	360540	357698	355140	352741	350510	348399	346282	344226	342377	340906	339882	339234	338971	339136
2	6	391280	389900	394995	403061	409559	396808	387646	385320	379002	374558	370892	367601	364432	361360	358517	355959	353562	351331	349220	347103	345048	343199	341728	340703	340055	339792
2	7	377729	392577	390989	395917	403997	410372	397590	388396	386073	379755	375312	371646	368356	365187	362117	359274	356715	354317	352088	349976	347859	345804	343955	342484	341460	340812
2	8	370572	378968	393621	391879	396821	404784	411130	398320	389126	386803	380486	376044	372380	369088	365921	362850	360008	357450	355052	352825	350713	348596	346540	344692	343221	342197
2	9	355814	371794	379990	394511	392778	397621	405554	411873	399063	389872	387550	381234	376790	373129	369836	366671	363599	360757	358199	355802	353575	351464	349347	347292	345443	343972
2	10	349411	357058	372847	380921	395450	393623	398443	406347	412667	399860	390667	388346	382031	377589	373926	370634	367471	364399	361558	358998	356601	354374	352265	350146	348092	346243
2	11	339211	350691	358156	373830	381910	396352	394500	399296	407199	413518	400714	391524	389203	382888	378447	374783	371491	368329	365257	362416	359858	357461	355234	353126	351005	348951
2	12	334246	340550	351836	359191	374868	382869	397285	395408	400204	408107	414427	401624	392435	390113	383799	379360	375696	372405	369242	366171	363329	360771	358374	356148	354041	351921
2	13	344292	335550	341656	352844	360198	375801	383776	398167	396291	401087	408989	415309	402507	393321	390998	384685	380247	376583	373293	370130	367062	364219	361661	359264	357038	354930
2	14	351786	345531	336587	342603	353790	361077	376654	384605	398996	397121	401917	409819	416139	403340	394154	391832	385519	381081	377417	374128	370964	367898	365055	362497	360100	357874
2	15	363542	353274	346743	337707	343717	354829	362085	377632	385583	399973	398098	402894	410796	417116	404318	395134	392812	386500	382063	378399	375111	371945	368880	366037	363481	361084
2	16	368365	365332	354659	348030	338975	344907	355972	363191	378736	386686	401078	399205	403999	411900	418222	405424	396244	393920	387609	383174	379511	376224	373058	369995	367149	364595
2	17	379140	370483	366887	356110	349449	340307	346185	357195	364416	379960	387909	402298	400428	405221	413123	419444	406648	397471	395148	388838	384403	380740	377453	374287	371226	368380
2	18	378465	382662	373053	369320	358483	351705	342480	348275	359283	366506	382049	389998	404385	402517	407308	415210	421531	408736	399562	397239	390931	386496	382835	379547	376382	373322
2	19	385249	384861	387381	377572	373721	362710	355788	346427	352222	363229	370450	385993	393943	408328	406461	411253	419154	425474	412681	403510	401187	394881	390445	386786	383498	380334
2	20	402761	393358	390656	392908	382935	378849	367642	360533	351175	356970	367977	375196	390738	398686	413071	411205	415996	423898	430216	417426	408257	405933	399629	395193	391534	388246
2	21	409355	410862	398779	395762	397825	387577	383262	371839	364731	355378	361173	372178	379395	394936	402882	417267	415400	420191	428092	434410	421625	412458	410133	403829	399395	395737
2	22	431579	418468	416782	404330	401086	402822	392302	387726	376308	369201	359851	365646	376650	383867	399406	407350	421735	419868	424659	432558	438875	426092	416928	414602	408301	403866
2	23	440935	441040	424508	422425	409733	406138	407581	396784	392212	380796	373691	364343	370139	381143	388358	403895	411838	426221	424353	429145	437043	443359	430580	421418	419091	412793
2	24	434269	448916	445862	428952	426651	413626	409759	410946	400150	395581	384171	377066	367722	373516	384520	391734	407269	415210	429592	427724	432514	440411	446726	433950	424791	422463
2	25	435179	440387	452129	448700	431596	428970	415694	411588	412775	401982	397417	386012	378908	369567	375359	386363	393575	409108	417046	431425	429560	434349	442244	448557	435786	426628
2	26	443113	440102	442644	454007	450402	432980	430118	416620	412517	413705	402913	398349	386950	379848	370512	376302	387304	394515	410045	417982	432357	430493	435280	443173	449485	436719
2	27	437852	447564	442180	444357	455566	451654	434021	430952	417459	413358	414547	403760	399198	387802	380703	371369	377159	388158	395369	410896	418829	433202	431338	436124	444016	450326
2	28	437743	441802	449415	443680	445725	456638	452532	434720	431653	418166	414068	415257	404474	399913	388520	381423	372093	377882	388879	396087	411611	419541	433914	432049	436833	444722
2	29	440382	441287	443470	450749	444905	446676	457409	453137	435333	432268	418786	414689	415879	405101	400542	389153	382058	372732	378519	389513	396720	412241	420167	434537	432672	437456
2	30	432642	443178	442513	444390	451576	445485	447105	457693	453422	435626	432564	419086	414993	416183	405410	400852	389468	382374	373050	378837	389828	397032	412549	420474	434840	432973
2	31	437664	434654	443905	442960	444769	451723	445510	447008	457594	453326	435537	432478	419005	414914	416105	405337	400781	389402	382311	372990	378776	389763	396965	412477	420399	434760
2	32	439217	439390	435265	444246	443249	444844	451684	445368	446867	457450	453186	435402	432346	418879	414791	415983	405218	400665	389292	382204	372887	378671	389652	396852	412358	420279
2	33	441807	440683	439890	435518	444452	443259	444754	451499	445187	446686	457266	453005	435230	432174	418715	414629	415823	405060	400512	389145	382058	372746	378528	389504	396704	412200
2	34	441724	443009	441043	440014	435611	444354	443076	444485	451229	444922	446419	456998	452737	434975	431920	418467	414384	415579	404820	400274	388914	381829	372523	378303	389273	396471
2	35	422382	442498	443011	440821	439765	435189	443846	442489	443902	450643	444342	445837	456414	452155	434404	431351	417906	413826	415021	404268	399724	388370	381289	371987	377765	388728
2	36	394082	422839	442212	442533	440314	439104	434455	443036	441681	443095	449834	443539	445034	455608	451350	433610	430558	417123	413045	414241	403495	398952	387603	380527	371230	377007
2	37	387352	394482	422550	441732	442026	439666	438388	433677	442254	440904	442316	449052	442762	444257	454827	450571	432845	429795	416367	412293	413490	402749	398209	386869	379796	370503
2	38	396798	387696	394194	422080	441222	441386	438962	437625	432918	441492	440145	441558	448291	442006	443502	454065	449815	432100	429051	415633	411564	412761	402027	397489	386156	379088
2	39	404756	397094	387417	393765	421606	440617	440722	438244	436910	432208	440780	439434	440848	447579	441300	442796	453352	449105	431405	428360	414948	410884	412080	401355	396821	385495
2	40	412848	405123	396936	387138	393459	421173	440117	440169	437696	436366	431669	440238	438895	440309	447036	440763	442260	452808	448565	430880	427839	414437	410376	411571	400855	396326
2	41	430838	413236	405039	396742	386935	393157	420800	439682	439736	437268	435942	431252	439816	438476	439891	446615	440349	441846	452385	448147	430476	427438	414048	409992	411185	400479
2	42	450342	431129	413118	404817	396510	386625	392799	420377	439243	439303	436841	435518	430835	439393	438060	439474	446193	439935	441431	451961	447729	430074	427039	413661	409608	410802
2	43	468294	450531	430947	412855	404549	396172	386258	392387	419943	438794	438859	436403	435082	430408	438959	437631	439046	445760	439509	441007	451529	447299	429662	426631	413266	409216
2	44	456973	468326	450231	430584	412501	404137	395735	385801	391926	419459	438294	438362	435914	434598	429932	438476	437152	438567	445277	439032	440531	451042	446817	429199	426171	412820
2	45	469255	456948	467970	449823	430192	412073	403690	395270	385356	391478	418986	437804	437875	435434	434123	429465	438004	436683	438098	444803	438565	440065	450566	446343	428746	425720
2	46	469484	469105	456539	467487	449358	429706	411587	403191	394786	384891	391011	418492	437294	437370	434935	433629	428981	437510	436195	437610	444309	438078	439579	450066	445849	428273
2	47	474129	469261	468635	456040	466968	448825	429185	411074	402695	394310	384435	390551	418002	436784	436865	434435	433137	428498	437018	435707	437122	443815	437591	439093	449566	445353
2	48	476499	473851	468759	468095	455516	466397	448265	428638	410565	402206	393840	383987	390098	417515	436277	436363	433940	432648	428018	436528	435222	436635	443322	437105	438606	449066
2	49	480520	476164	473298	468184	467518	454936	465782	447669	428087	410052	401712	393367	383537	389644	417025	435762	435852	433437	432151	427531	436029	434727	436140	442817	436609	438109
2	50	475802	480138	475583	472691	467588	466901	454329	465146	447076	427541	409545	401228	392905	383098	389199	416542	435250	435344	432935	431656	427045	435531	434232	435646	442314	436113
2	51	465288	475336	479465	474897	472009	466896	466201	453645	464452	446427	426941	408989	400696	392395	382612	388706	416005	434683	434781	432379	431106	426504	434975	433679	435090	441749
2	52	454042	464695	474540	478637	474081	471179	466070	465369	452854	463651	445676	426239	408333	400066	391787	382032	388118	415366	434010	434111	431716	430449	425858	434313	433021	434428
2	53	438923	453311	463769	473573	477661	473105	470206	465100	464415	451943	462728	444805	425424	407565	399322	391068	381342	387418	414611	433218	433322	430932	429671	425090	433528	432241
2	54	421507	438096	452282	462700	472481	476550	472003	469108	464030	463359	450933	461703	443835	424513	406706	398491	390260	380565	386628	413764	432328	432434	430050	428795	424225	432643
2	55	412983	420645	437033	451170	461561	471305	475363	470828	467958	462909	462253	449873	460625	442817	423557	405806	397620	389417	379753	385801	412870	431389	431495	429120	427868	423310
2	56	403713	412026	419527	435856	449952	460307	470019	474065	469563	466719	461700	461061	448731	459462	441718	422524	404832	396679	388504	378872	384904	411898	430366	430472	428104	426857
2	57	389635	402618	410773	418250	434525	448571	458891	468574	472626	468159	465340	460352	459729	447452	458159	440483	421361	403731	395610	387466	377870	383886	410796	429207	429313	426952
2	58	375852	388436	401263	409391	416850	433063	447058	457344	467010	471067	466636	463843	458888	458281	446061	456741	439135	420091	402529	394441	386330	376772	382768	409588	427935	428040
2	59	363134	374592	387033	399810	407914	415346	431497	445442	455708	465357	469417	465021	462257	457335	456743	444581	455232	437703	418741	401251	393199	385121	375604	381580	408298	426576
2	60	364896	361709	373045	385433	398163	406241	413649	429734	443642	453884	463511	467574	463216	460478	455591	455015	442918	453531	436083	417209	399799	391783	383740	374265	380219	406827
2	61	360037	363245	360033	371320	383659	396337	404387	411772	427800	441667	451880	461482	465545	461227	458518	453666	453104	441074	451648	434286	415504	398179	390201	382199	372766	378694
2	62	351210	358307	361462	358283	369520	381803	394425	402446	409820	425785	439604	449786	459359	463419	459140	456459	451646	451098	439137	449669	432398	413715	396479	388540	380581	371194
2	63	354230	349370	356398	359550	356407	367589	379811	392373	400373	407732	423629	437395	447541	457081	461137	456899	454247	449472	448938	437051	447533	430361	411783	394643	386747	378831
2	64	362424	352130	347293	354293	357442	354335	365458	377616	390125	398104	405443	421267	434972	445078	454579	458630	454434	451811	447074	446554	434745	445172	428104	409640	392599	384749
2	65	370569	359978	349776	345001	351972	355118	352048	363106	375210	387661	395612	402930	418673	432310	442371	451827	455871	451717	449123	444426	443919	432192	442558	425602	407258	390324
2	66	390854	367703	357262	347173	342465	349405	352545	349518	360521	372561	384949	392867	400159	415813	429375	439385	448791	452825	448715	446149	441493	440998	429358	439658	422819	404605
2	67	422532	387470	364631	354325	344358	339720	346626	349761	346788	357730	369698	382017	389900	397159	412713	426191	436144	445494	449513	445449	442911	438299	437815	426264	436490	419780
2	68	327926	418455	383899	361332	351172	341332	336768	343634	346776	343858	354732	366622	378855	386686	393909	409354	422737	432626	441912	445910	441894	439386	434817	434344	422892	433034
2	69	319014	324421	414118	380002	357727	347721	338018	333534	340366	343510	340649	351446	363236	375367	383148	390327	405651	418928	428741	437957	441932	437965	435487	430963	430499	419154
2	70	317850	315168	320686	409401	375754	353789	343946	334387	329994	336788	339932	337130	347826	359506	371540	379263	386391	401580	414741	424468	433604	437551	433634	431185	426707	426251
2	71	298903	313583	311145	316668	404324	371174	349538	339867	330469	326170	332919	336061	333313	343904	355477	367400	375059	382130	397168	410200	419833	428878	432791	428927	426506	422077
2	72	269362	294426	309133	306816	312337	398855	366232	344945	335464	326233	322034	328729	331865	329180	339664	351118	362918	370504	377510	392382	405269	414795	423742	427613	423803	421413
2	73	244678	264874	289776	304345	302154	307667	392956	360899	339991	330705	321654	317557	324193	327318	324696	335061	346381	358043	365548	372480	387165	399894	409299	418134	421958	418203
2	74	252632	240148	260235	284790	299206	297143	302642	386602	355152	334647	325568	316705	312714	319280	322389	319832	330066	341239	352747	360158	367005	381484	394038	403307	412017	415785
2	75	250767	247385	235458	255247	279424	293669	291737	297216	379742	348939	328863	320002	311338	307456	313943	317031	314541	324624	335634	346971	354275	361027	375275	387632	396751	405321
2	76	243576	244931	241980	230417	249881	273647	287698	285901	291356	372326	342216	322596	313964	305509	301741	308139	311199	308778	318694	329522	340666	347849	354494	368488	380626	389579
2	77	232435	237192	238921	236165	224986	244091	267408	281244	279586	285008	364285	334915	315781	307392	299159	295511	301804	304828	302478	312210	322834	333766	340811	347332	361045	372938
2	78	222261	225558	230633	232458	229903	219125	237838	260661	274258	272741	278117	355552	326975	308361	300226	292230	288703	294880	297860	295581	305108	315503	326198	333090	339470	352871
2	79	211358	214808	218506	223589	225504	223152	212799	231076	253359	266687	265314	270628	346054	318327	300271	292406	284659	281261	287306	290232	288026	297322	307462	317891	324612	330833
2	80	196703	203297	207180	210935	216013	218012	215866	205960	223761	245449	258474	257244	262481	335713	308901	291441	283862	276379	273115	279009	281871	279742	288781	298636	308770	315297
2	81	187790	188167	195091	199024	202824	207879	209954	208018	198582	215860	236891	249576	248489	253632	324471	298639	281819	274541	267340	264212	269936	272723	270671	279424	288963	298769
2	82	182572	178514	179521	186355	190323	194152	199168	201306	199583	190641	207340	227652	239955	239007	244036	312272	287488	271353	264393	257491	254506	260036	262737	260765	269199	278391
2	83	173687	172322	169191	170380	177097	181084	184924	189878	192069	190555	182128	198191	217720	229595	228784	233676	299090	275425	260018	253392	246805	243968	249282	251882	249993	258077
2	84	162214	162606	162080	159384	160740	167310	171296	175128	179999	182226	180919	173024	188394	207067	218468	217789	222522	284880	262406	247773	241499	235241	232557	237631	240115	238312
2	85	145959	150451	151609	151370	149105	150615	157005	160962	164764	169523	171772	170665	163321	177935	195678	206556	206001	210547	269615	248406	234593	228686	222775	220248	225057	227410
2	86	130835	133947	138886	140210	140241	138396	140039	146217	150120	153866	158484	160731	159817	153039	166836	183573	193878	193440	197772	253312	233438	220490	214964	209418	207050	211570
2	87	118553	118633	122258	127010	128477	128760	127319	129071	135002	138820	142477	146926	149147	148415	142215	155134	170792	180470	180136	184227	236012	217539	205498	200366	195201	192997
2	88	106998	106049	106911	110395	114929	116506	117015	115957	117791	123437	127139	130676	134921	137092	136525	130912	142894	157403	166407	166163	169987	217809	200795	189695	184968	180198
2	89	93950	94270	94209	95173	98486	102769	104425	105130	104427	106309	111630	115180	118565	122571	124668	124250	119221	130218	143518	151801	151633	155162	198844	183334	173208	168894
2	90	82630	81381	82416	82530	83564	86675	90674	92373	93237	92852	94749	99708	103071	106273	110007	112002	111715	107263	117231	129271	136796	136689	139901	179308	165333	156200
2	91	72032	70245	69904	70933	71190	72258	75140	78826	80531	81513	81402	83277	87839	90983	93967	97399	99268	99090	95202	104112	114861	121597	121538	124413	159470	147044
2	92	62358	59987	59178	59009	60005	60368	61436	64065	67412	69083	70138	70253	72071	76206	79100	81838	84944	86662	86571	83224	91064	100512	106444	106416	108943	139645
2	93	52393	50759	49465	48895	48859	49798	50229	51265	53620	56607	58207	59292	59583	61305	64994	67612	70080	72840	74388	74363	71526	78305	86463	91591	91582	93760
2	94	39318	41597	40892	39928	39551	39611	40472	40936	41911	43981	46597	48089	49162	49577	51171	54402	56726	58907	61312	62674	62695	60332	66078	72985	77330	77328
2	95	24889	30386	32683	32194	31501	31272	31394	32161	32627	33515	35296	37540	38896	39920	40408	41849	44623	46642	48528	50578	51748	51795	49862	54629	60353	63955
2	96	16903	18700	23245	25060	24738	24258	24137	24292	24954	25396	26182	27678	29561	30760	31703	32219	33489	35818	37534	39127	40834	41812	41870	40319	44184	48818
2	97	13102	12326	13918	17334	18733	18535	18214	18168	18332	18887	19286	19959	21186	22728	23758	24597	25104	26193	28105	29528	30841	32226	33021	33078	31858	34917
2	98	10008	9262	8912	10087	12586	13636	13524	13321	13320	13477	13927	14272	14829	15810	17042	17901	18623	19094	19999	21531	22681	23734	24830	25457	25506	24565
2	99	7155	6847	6496	6265	7108	8887	9652	9596	9475	9497	9636	9989	10276	10722	11484	12443	13139	13738	14152	14885	16081	16984	17805	18647	19126	19165
2	100	4888	4728	4650	4420	4275	4860	6089	6632	6609	6541	6573	6689	6956	7185	7530	8105	8829	9375	9856	10205	10778	11687	12376	12997	13624	13978
2	101	3126	3110	3101	3056	2912	2823	3218	4039	4411	4408	4373	4404	4497	4692	4866	5123	5544	6075	6489	6860	7141	7576	8244	8752	9209	9661
2	102	1837	1910	1965	1963	1939	1851	1799	2057	2587	2833	2838	2822	2849	2919	3057	3183	3369	3664	4040	4343	4619	4836	5154	5630	5993	6315
2	103	1071	1058	1144	1178	1179	1168	1118	1089	1248	1573	1727	1736	1730	1750	1800	1892	1980	2107	2304	2558	2769	2965	3124	3345	3668	3916
2	104	613	577	595	644	666	667	663	636	621	714	901	994	1001	1000	1015	1047	1104	1161	1243	1370	1531	1670	1801	1910	2057	2265
2	105 - 109	692	614	595	595	623	650	668	675	666	653	700	825	946	1007	1041	1066	1096	1147	1208	1292	1415	1581	1758	1940	2111	2298
2	110 and over	14	10	9	9	8	8	8	8	8	8	8	8	8	9	9	9	11	13	15	16	16	17	18	19	22	25
