Sex	Age	2014	2015	2016	2017	2018	2019	2020	2021	2022	2023	2024	2025	2026	2027	2028	2029	2030	2031	2032	2033	2034	2035	2036	2037	2038	2039
1	0	398997	396596	399807	402122	404204	405439	406078	406235	406221	405629	404234	402305	399996	397837	396073	394529	393288	392423	391967	391959	392422	393385	394824	396679	398873	401236
1	1	410138	401112	398324	401351	403675	405615	406808	407408	407570	407561	406975	405587	403663	401360	399205	397446	395908	394670	393810	393356	393351	393817	394783	396224	398081	400274
1	2	424084	412798	403315	400324	403350	405518	407408	408550	409151	409315	409307	408721	407336	405412	403111	400958	399201	397664	396426	395568	395116	395111	395578	396545	397986	399846
1	3	418717	426487	414788	405107	402119	404995	407112	408953	410097	410699	410864	410858	410273	408889	406966	404665	402513	400758	399221	397983	397125	396674	396670	397138	398104	399546
1	4	410610	420910	428322	416421	406751	403609	406437	408512	410353	411501	412102	412268	412263	411679	410294	408373	406073	403920	402167	400630	399392	398537	398085	398082	398549	399516
1	5	406814	412520	422520	429734	417847	408029	404847	407635	409710	411552	412701	413301	413468	413463	412881	411495	409575	407275	405124	403371	401836	400596	399742	399290	399288	399755
1	6	410302	408380	413841	423661	430888	418871	409016	405798	408588	410663	412505	413656	414256	414425	414420	413839	412453	410534	408232	406083	404329	402794	401555	400702	400251	400249
1	7	397054	411707	409572	414867	424703	431806	419758	409875	406657	409448	411523	413366	414518	415118	415287	415282	414702	413316	411399	409096	406949	405194	403659	402421	401569	401119
1	8	388063	398410	412851	410567	415871	425596	432666	420590	410707	407491	410283	412357	414200	415352	415953	416124	416117	415538	414152	412236	409933	407789	406033	404498	403260	402408
1	9	373006	389366	399501	413799	411527	416723	426420	433461	421385	411503	408286	411080	413154	414998	416151	416750	416922	416916	416339	414951	413037	410734	408591	406835	405300	404062
1	10	366463	374335	390482	400484	414789	412419	417586	427254	434297	422222	412341	409124	411920	413993	415836	416990	417591	417764	417756	417181	415793	413879	411575	409433	407678	406143
1	11	356301	367870	375529	391548	401556	415763	413367	418504	428171	435215	423141	413260	410044	412840	414913	416758	417912	418512	418686	418680	418104	416715	414804	412500	410358	408603
1	12	350571	357711	369054	376599	392618	402539	416716	414293	419432	429098	436142	424071	414189	410974	413771	415843	417689	418843	419443	419619	419613	419037	417648	415737	413433	411293
1	13	359210	351995	358897	370135	377680	393617	403510	417659	415236	420377	430043	437087	425019	415140	411924	414723	416795	418641	419796	420395	420572	420567	419990	418602	416691	414387
1	14	370466	360729	353258	360063	371297	378763	394671	404535	418683	416262	421402	431070	438113	426047	416170	412953	415753	417826	419673	420830	421429	421606	421601	421026	419640	417728
1	15	382196	372463	362360	354784	361574	372726	380152	396023	405888	420034	417618	422757	432426	439468	427406	417531	414315	417116	419189	421036	422192	422794	422971	422965	422390	421005
1	16	387348	384657	374424	364212	356615	363314	374416	381790	397662	407527	421672	419258	424397	434068	441110	429052	419179	415966	418768	420841	422689	423845	424447	424626	424620	424047
1	17	399339	390267	386920	376574	366324	358634	365270	376311	383685	399557	409424	423567	421156	426295	435967	443009	430956	421086	417875	420678	422752	424601	425757	426359	426540	426535
1	18	403292	403493	393472	389943	379550	369153	361377	367925	378966	386341	402211	412079	426222	423815	428953	438627	445670	433623	423754	420545	423349	425423	427273	428433	429034	429217
1	19	405326	409888	408637	398282	394688	384026	373491	365582	372131	383173	390549	406418	416286	430428	428025	433163	442838	449881	437839	427976	424768	427573	429649	431500	432663	433263
1	20	423227	413898	416363	414625	404175	400196	389331	378603	370703	377253	388295	395672	411540	421409	435550	433151	438289	447965	455009	442972	433114	429908	432714	434791	436643	437809
1	21	425645	432504	420539	422449	420573	409675	405444	394341	383623	375730	382280	393324	400700	416567	426437	440577	438182	443320	452995	460042	448010	438157	434952	437760	439839	441690
1	22	439175	435864	439606	427033	428771	426391	415202	410689	399595	388886	381003	387553	398598	405975	421840	431708	445848	443455	448597	458270	465319	453291	443444	440241	443050	445131
1	23	456389	449920	443154	446239	433477	434675	431971	420472	415966	404883	394181	386308	392859	403905	411282	427146	437013	451151	448761	453904	463576	470626	458604	448760	445561	448371
1	24	449824	466302	456395	448976	451867	438570	439444	436432	424942	420443	409370	398676	390809	397361	408406	415785	431646	441514	455650	453263	458405	468078	475127	463113	453270	450076
1	25	441752	457600	470880	460343	452759	455130	441538	442121	439117	427638	423145	412081	401395	393535	400088	411132	418512	434370	444238	458371	455989	461130	470802	477851	465843	456005
1	26	444147	447893	460771	473446	462758	454694	456782	442927	443516	440517	429047	424563	413505	402828	394974	401529	412573	419952	435808	445676	459805	457427	462567	472240	479289	467287
1	27	430783	449726	450715	463020	475543	464399	456078	457914	444071	444666	441673	430212	425738	414688	404019	396170	402726	413770	421148	437002	446868	460995	458619	463760	473432	480480
1	28	439328	435753	452139	452600	464768	476855	465472	456926	458768	444938	445537	442551	431097	426632	415591	404930	397088	403644	414685	422062	437916	447778	461904	459531	464674	474344
1	29	440748	443861	437925	453820	454156	465926	477782	466190	457656	459502	445684	446289	443309	431865	427406	416375	405724	397887	404445	415483	422860	438711	448572	462692	460323	465466
1	30	428719	443841	444911	438551	454333	454320	465892	477552	465975	457453	459305	445499	446108	443135	431702	427250	416227	405587	397755	404312	415349	422726	438573	448433	462549	460184
1	31	431951	430468	443843	444530	438091	453558	453381	464788	476447	464885	456375	458230	444438	445052	442087	430663	426219	415205	404576	396750	403306	414342	421718	437561	447419	461530
1	32	430780	433399	430364	443368	443985	437258	452565	452248	463655	475311	463762	455265	457124	443346	443966	441008	429595	425156	414154	403535	395718	402271	413304	420678	436517	446373
1	33	435537	431764	433038	429651	442593	442927	436073	451242	450930	462336	473990	462454	453969	455833	442068	442694	439742	428342	423910	412918	402310	394502	401054	412085	419457	435288
1	34	436154	436300	431350	432279	428861	441521	441733	434769	449932	449628	461030	472679	461159	452687	454555	440805	441436	438490	427102	422679	411699	401101	393301	399853	410880	418252
1	35	419401	436709	435831	430578	431476	427819	440363	440471	433519	448675	448376	459775	471420	459915	451455	453326	439595	440230	437290	425916	421499	410533	399948	392157	398708	409730
1	36	391384	419745	436138	434989	429720	430406	426661	439105	439217	432277	447426	447131	458527	470167	458676	450230	452103	438391	439030	436097	424737	420329	409377	398805	391024	397574
1	37	386312	391667	419172	435297	434125	428668	429271	425449	437886	438003	431074	446215	445926	457316	468951	457475	449045	450921	437226	437871	434945	423601	419201	408264	397705	389936
1	38	392139	386567	391159	418401	434486	433138	427610	428141	424329	436758	436879	429963	445092	444811	456194	467822	456362	447949	449827	436154	436806	433884	422557	418168	407247	396701
1	39	399506	392357	386086	390467	417648	433552	432132	426542	427079	423277	435697	435824	428923	444039	443763	455140	466761	455319	446922	448803	435151	435809	432896	421584	417208	406304
1	40	405724	399184	391397	384947	389301	416297	432113	430631	425056	425600	421809	434217	434351	427463	442566	442298	453666	465279	453858	445477	447363	433733	434397	431494	420201	415835
1	41	424493	404925	397794	389856	383398	387620	414516	430252	428777	423215	423768	419989	432385	432525	425652	440743	440480	451841	463445	452046	443683	445574	431968	432637	429744	418472
1	42	442516	423718	403617	396358	388411	381854	386015	412815	428534	427068	421519	422079	418314	430699	430845	423988	439067	438809	450163	461757	450380	442037	443934	430352	431027	428144
1	43	454033	441726	422443	402254	394989	386957	380361	384466	411228	426930	425475	419944	420509	416758	429132	429283	422442	437508	437258	448606	460189	448836	440512	442415	428859	429541
1	44	444445	453214	440449	421097	400926	393589	385526	378901	383008	409730	425413	423967	418455	419028	415293	427655	427816	420992	436042	435800	447139	458713	447383	439081	440990	427461
1	45	455317	444001	452290	439464	420131	399929	392567	384479	377877	381987	408670	424334	422900	417406	417988	414269	426618	426788	419984	435018	434785	446114	457681	446376	438094	440009
1	46	455778	455112	443392	451595	438779	419430	399231	391851	383792	377215	381327	407970	423616	422196	416721	417311	413609	425947	426125	419342	434359	434137	445456	457013	445736	437475
1	47	464071	455447	454397	442648	450819	437981	418647	398464	391112	383083	376531	380649	407250	422878	421473	416018	416618	412933	425259	425446	418684	433685	433474	444784	456329	445079
1	48	461610	463585	454622	453531	441802	449915	437084	417772	397651	390329	382329	375806	379927	406487	422096	420706	415273	415884	412218	424532	424728	417988	432972	432771	444071	455604
1	49	465864	461009	462646	453671	452576	440848	448922	436106	416859	396802	389514	381545	375053	379178	405694	421287	419910	414503	415124	411476	423778	423984	417266	432232	432043	443330
1	50	461541	464964	459852	461461	452511	451397	439689	447733	434972	415796	395806	388553	380618	374156	378287	404756	420330	418971	413588	414222	410592	422882	423097	416402	431349	431173
1	51	453132	460306	463503	458395	460008	451073	449961	438282	446329	433625	414520	394602	387387	379486	373058	377195	403615	419166	417825	412469	413114	409505	421782	422006	415336	430262
1	52	444765	451737	458704	461881	456802	458405	449499	448393	436777	444826	432184	413154	393312	386135	378274	371880	376021	402389	417918	416593	411264	411923	408334	420594	420828	414187
1	53	430028	443285	450063	457006	460188	455128	456732	447864	446790	435241	443290	430714	411764	392005	384867	377045	370688	374834	401145	416648	415341	410043	410712	407147	419390	419636
1	54	412989	428434	441494	448248	455182	458360	453330	454936	446133	445094	433616	441665	429158	410293	390619	383526	375747	369426	373578	399827	415299	414014	408748	409430	405889	418110
1	55	403877	411285	426544	439560	446306	453224	456405	451413	453047	444312	443309	431907	439956	427521	408748	389164	382117	374386	368103	372261	398443	413880	412617	407385	408080	404566
1	56	394739	402068	409356	424562	437541	444278	451188	454373	449445	451109	442444	441479	430155	438203	425846	407172	387687	380686	373005	366766	370927	397036	412437	411195	406000	406709
1	57	380158	392780	400010	407288	422444	435381	442112	449013	452223	447360	449057	440469	439543	428303	436347	424072	405502	386125	379174	371544	365354	369517	395545	410908	409688	404531
1	58	366613	377969	390473	397693	404961	420065	432959	439682	446596	449833	445038	446767	438260	437374	426221	434263	422075	403617	384354	377459	369881	363742	367908	393849	409168	407974
1	59	352170	364183	375445	387902	395112	402372	417416	430269	437000	443925	447192	442466	444229	435808	434966	423905	431939	419846	401508	382366	375529	368010	361924	366090	391935	407209
1	60	351859	349638	361549	372768	385180	392377	399625	414609	427433	434173	441105	444400	439752	441548	433217	432420	421459	429485	417489	399279	380267	373489	366035	360003	364172	389911
1	61	347724	349121	346907	358765	369937	382299	389481	396715	411651	424442	431191	438131	441454	436885	438716	430479	429727	418868	426888	414997	396921	378047	371333	363946	357971	362142
1	62	336380	344779	346176	344023	355823	366946	379254	386420	393658	408540	421295	428052	434996	438349	433862	435727	427591	426888	416136	424144	412364	394432	375704	369057	361741	355826
1	63	338723	333376	341734	343165	341074	352816	363889	376137	383303	390545	405368	418083	424846	431793	435172	430771	432671	424638	423984	413350	421342	409680	391899	373326	366753	359511
1	64	344106	335439	330217	338544	340010	337986	349665	360682	372885	380053	387293	402054	414723	421489	428439	431848	427533	429469	421544	420941	410429	418402	406864	389245	370835	364336
1	65	353019	340380	331915	326807	335101	336604	334646	346260	357235	369388	376554	383791	398482	411101	417867	424816	428254	424032	426004	418191	417640	407256	415210	403799	386352	368116
1	66	370692	348842	336509	328215	323227	331486	333026	331141	342699	353631	365725	372887	380121	394733	407296	414062	421010	424472	420347	422356	414661	414164	403914	411846	400572	383305
1	67	401134	365847	344526	332443	324330	319472	327692	329272	327481	338976	349857	361889	369045	376268	390799	403297	410060	417003	420492	416467	418511	410943	410502	400393	408299	397171
1	68	308634	395193	360764	339856	328033	320110	315388	323570	325204	323509	334936	345758	357703	364828	372038	386477	398906	405663	412599	416113	412195	414273	406840	406456	396499	404377
1	69	297414	303532	389019	355269	334794	323243	315521	310940	319092	320782	319186	330538	341257	353087	360197	367391	381725	394075	400823	407747	411286	407481	409596	402304	401982	392187
1	70	296179	291927	298273	382448	349411	329393	318127	310616	306199	314312	316060	314566	325794	336401	348148	355236	362411	376630	388893	395628	402534	406100	402410	404565	397421	397165
1	71	273379	290065	286304	292674	375452	343166	323628	312665	305384	301135	309207	311010	309603	320716	331243	342897	349961	357112	371204	383373	390089	396974	400563	396994	399188	392201
1	72	242111	267108	283852	280338	286730	368019	336522	317483	306848	299807	295732	303754	305613	304315	315326	325765	337316	344349	351471	365425	377489	384184	391045	394654	391212	393445
1	73	216089	236014	260838	277367	274105	280512	360224	329551	311043	300749	293958	290064	298027	299944	298759	309655	319996	331434	338432	345517	359321	371267	377934	384765	388394	385085
1	74	222378	210166	229994	254349	270645	267640	274055	352095	322292	304339	294395	287865	284155	292054	294026	292956	303728	313958	325273	332227	339270	352910	364726	371358	378154	381802
1	75	218365	215642	204274	223699	247554	263594	260849	267266	343542	314646	297272	287691	281429	277911	285735	287761	286808	297446	307551	318730	325634	332626	346086	357761	364351	371109
1	76	210403	211008	208927	198078	217075	240396	256159	253677	260087	334494	306544	289771	280567	274581	271262	279001	281079	280248	290735	300704	311733	318578	325512	338776	350296	356838
1	77	196229	202504	203697	201871	191554	210092	232846	248302	246090	252483	324906	297942	281795	272983	267284	264168	271812	273938	273229	283552	293374	304237	311015	317882	330932	342281
1	78	183406	188002	194681	196033	194464	184693	202739	224884	240010	238068	244428	314742	288809	273316	264911	259506	256600	264136	266310	265726	275864	285523	296205	302910	309699	322513
1	79	171366	174823	179915	186529	188031	186716	177504	195026	216518	231284	229612	235923	303997	279138	264325	256343	251244	248551	255967	258184	257728	267667	277147	287628	294245	300947
1	80	154878	162382	166408	171501	178032	179677	178610	169972	186931	207725	222098	220694	226942	292631	268895	254790	247243	242461	239988	247267	249526	249197	258921	268204	278462	284978
1	81	143293	145752	153608	157680	162755	169181	170957	170136	162083	178441	198489	212429	211290	217456	280614	258047	244679	237584	233126	230876	238004	240298	240101	249589	258653	268664
1	82	134979	133804	136900	144558	148655	153694	159991	161884	161303	153846	169557	188808	202276	201396	207460	267931	246582	233980	227348	223225	221203	228160	230486	230421	239647	248470
1	83	122881	124905	124644	127807	135239	139339	144318	150459	152458	152107	145253	160275	178675	191629	191002	196940	254565	234480	222670	216516	212735	210945	217716	220066	220130	229068
1	84	109047	112544	115259	115305	118511	125685	129763	134654	140617	142701	142570	136322	150609	168104	180503	180118	185907	240531	221751	210759	205091	201658	200103	206666	209030	209222
1	85	94562	98742	102765	105532	105857	109080	115963	119992	124769	130525	132673	132747	127105	140614	157152	168954	168797	174411	225883	208447	198289	193114	190038	188720	195048	197413
1	86	81066	84537	89107	93009	95797	96370	99579	106140	110093	114726	120244	122433	122694	117653	130342	145873	157037	157091	162503	210683	194619	185309	180638	177917	176827	182900
1	87	70907	71446	75279	79601	83353	86128	86920	90083	96288	100132	104592	109845	112048	112477	108024	119857	134333	144820	145067	150248	195016	180341	171892	167723	165349	164482
1	88	60111	61521	62703	66285	70332	73906	76633	77607	80692	86513	90215	94469	99430	101622	102193	98309	109256	122641	132412	132829	137753	179013	165738	158147	154472	152437
1	89	49450	51260	53132	54336	57648	61399	64765	67412	68525	71501	76909	80438	84457	89099	91252	91940	88599	98637	110906	119931	120491	125130	162825	150938	144192	140999
1	90	40666	41375	43489	45236	46434	49459	52895	56027	58560	59769	62602	67576	70905	74660	78960	81045	81822	78994	88107	99241	107497	108172	112506	146609	136081	130160
1	91	32830	33325	34429	36315	37919	39081	41807	44914	47791	50178	51439	54100	58620	61721	65189	69125	71117	71953	69604	77786	87780	95251	96017	100022	130536	121330
1	92	26423	26310	27155	28151	29807	31254	32354	34775	37542	40145	42358	43630	46092	50148	52995	56157	59716	61590	62455	60544	67800	76664	83350	84174	87830	114807
1	93	20496	20667	20958	21704	22584	24013	25293	26309	28422	30848	33165	35181	36426	38666	42255	44831	47672	50845	52579	53446	51927	58278	66039	71945	72793	76088
1	94	14103	15612	16061	16341	16984	17745	18953	20062	20978	22789	24878	26905	28707	29889	31891	35017	37310	39823	42609	44185	45029	43852	49334	56030	61170	62015
1	95	8188	10436	11811	12189	12446	12986	13629	14628	15567	16371	17892	19655	21395	22972	24062	25819	28495	30499	32683	35089	36495	37291	36411	41067	46751	51153
1	96	5076	5873	7666	8705	9014	9239	9682	10211	11018	11795	12481	13730	15187	16647	17997	18975	20484	22733	24450	26311	28352	29580	30314	29680	33562	38303
1	97	3628	3518	4181	5473	6236	6482	6672	7024	7447	8082	8708	9276	10277	11454	12650	13779	14633	15898	17748	19188	20742	22438	23488	24146	23709	26885
1	98	2517	2420	2417	2882	3784	4328	4517	4671	4942	5269	5756	6244	6700	7482	8408	9364	10283	11004	12040	13526	14706	15974	17352	18230	18801	18518
1	99	1643	1610	1599	1603	1918	2527	2902	3042	3161	3364	3609	3970	4339	4693	5286	5994	6735	7463	8053	8879	10043	10985	11994	13089	13802	14284
1	100	1011	1006	1023	1019	1024	1230	1627	1877	1976	2066	2212	2387	2647	2916	3183	3618	4143	4701	5260	5727	6366	7254	7986	8770	9614	10179
1	101	578	590	612	624	624	629	758	1007	1167	1236	1300	1401	1523	1702	1892	2084	2394	2770	3177	3593	3951	4430	5089	5641	6232	6866
1	102	304	322	342	356	364	365	370	447	599	697	743	786	853	934	1054	1182	1315	1528	1789	2075	2373	2638	2987	3461	3864	4296
1	103	161	159	177	189	198	203	204	208	253	341	398	427	455	498	549	626	709	799	939	1112	1307	1514	1702	1948	2277	2563
1	104	82	80	84	93	100	104	108	109	112	137	184	217	234	252	277	309	356	409	465	555	665	792	930	1060	1226	1446
1	105 - 109	73	67	68	70	75	82	87	91	95	100	116	148	182	206	229	256	291	337	390	453	543	661	805	979	1162	1378
1	110 and over	2	1	0	0	0	0	0	0	0	0	1	1	1	1	1	1	1	2	3	3	3	4	5	7	9	12
2	0	379368	377812	380859	383066	385043	386214	386824	386967	386949	386377	385047	383206	380999	378938	377255	375778	374596	373766	373330	373316	373757	374673	376042	377806	379896	382143
2	1	389551	381169	379245	382119	384330	386178	387307	387878	388026	388011	387444	386119	384283	382080	380022	378345	376872	375691	374864	374432	374419	374863	375780	377151	378917	381009
2	2	403951	391882	383072	380952	383829	385889	387688	388768	389339	389489	389475	388909	387586	385751	383549	381492	379816	378346	377166	376339	375909	375896	376340	377259	378630	380395
2	3	398986	405990	393537	384539	382427	385156	387171	388923	390004	390575	390726	390712	390146	388826	386991	384791	382733	381059	379591	378413	377584	377155	377143	377587	378506	379878
2	4	392241	400763	407432	394794	385806	383554	386237	388211	389964	391046	391617	391768	391756	391190	389871	388035	385838	383779	382105	380636	379460	378631	378203	378192	378636	379555
2	5	388490	393829	402066	408553	395927	386804	384515	387159	389134	390888	391972	392542	392694	392682	392116	390798	388962	386766	384708	383035	381566	380391	379562	379134	379123	379566
2	6	391280	389900	394995	403063	409561	396811	387652	385331	387975	389949	391703	392790	393359	393510	393501	392934	391618	389781	387585	385530	383856	382387	381212	380383	379957	379947
2	7	377729	392577	390990	395917	403999	410375	397594	388403	386085	388729	390703	392457	393546	394115	394266	394257	393691	392374	390538	388341	386288	384615	383147	381971	381142	380717
2	8	370572	378968	393621	391880	396821	404787	411134	398325	389135	386816	389461	391435	393190	394279	394848	395000	394990	394426	393110	391275	389076	387025	385352	383885	382708	381879
2	9	355814	371794	379990	394512	392779	397622	405558	411878	399070	389882	387564	390209	392183	393937	395028	395597	395751	395739	395176	393860	392027	389826	387776	386103	384636	383459
2	10	349411	357058	372848	380922	395451	393624	398444	406351	412673	399867	390678	388362	391007	392982	394735	395827	396396	396551	396539	395974	394660	392829	390626	388578	386906	385438
2	11	339211	350691	358157	373831	381911	396353	394502	399298	407204	413526	400723	391536	389220	391865	393840	395593	396686	397255	397410	397400	396834	395519	393689	391486	389438	387766
2	12	334246	340550	351836	359192	374870	382870	397287	395411	400208	408114	414437	401634	392448	390132	392778	394755	396507	397599	398170	398324	398314	397749	396434	394604	392402	390354
2	13	344292	335550	341657	352845	360200	375804	383778	398169	396295	401092	408997	415320	402520	393335	391019	393664	395642	397396	398488	399058	399214	399204	398640	397326	395495	393295
2	14	351786	345531	336587	342605	353791	361080	376658	384608	398999	397126	401924	409829	416152	403354	394170	391855	394499	396477	398232	399325	399894	400051	400041	399477	398165	396334
2	15	363542	353274	346745	337707	343720	354830	362089	377637	385587	399978	398105	402903	410808	417131	404334	395153	392837	395482	397462	399216	400310	400880	401037	401026	400464	399152
2	16	368365	365332	354660	348033	338977	344911	355975	363199	378744	386693	401085	399214	404012	411917	418241	405444	396267	393949	396595	398576	400330	401424	401994	402153	402141	401579
2	17	379140	370483	366888	356112	349454	340311	346191	357199	364426	379970	387918	402307	400440	405238	413144	419468	406672	397499	395182	397829	399808	401563	402659	403229	403389	403377
2	18	378465	382662	373055	369323	358487	351712	342485	348282	359289	366518	382061	390010	404396	402533	407330	415236	421562	408766	399595	397278	399926	401906	403661	404756	405328	405489
2	19	385249	384861	387383	377575	373727	362716	355797	346435	352232	363238	370466	386009	393959	408343	406482	411280	419185	425512	412717	403550	401234	403881	405861	407618	408712	409284
2	20	402761	393358	390658	392911	382941	378858	367650	360544	351186	356983	367989	375216	390758	398707	413092	411231	416028	423934	430262	417467	408304	405989	408638	410617	412376	413469
2	21	409355	410862	398782	395767	397830	387585	383274	371849	364745	355391	361188	372194	379420	394961	402909	417294	415436	420231	428137	434466	421673	412513	410197	412847	414826	416586
2	22	431579	418468	416784	404335	401093	402830	392312	387741	376321	369219	359868	365666	376672	383897	399436	407383	421765	419911	424706	432610	438942	426150	416993	414677	417329	419307
2	23	440935	441040	424511	422429	409741	406147	407591	396797	392229	380813	373712	364364	370162	381168	388393	403930	411878	426259	424405	429201	437105	443436	430649	421495	419178	421832
2	24	434269	448916	445863	428956	426656	413636	409771	410958	400166	395603	384191	377090	367747	373544	384549	391775	407310	415257	429639	427785	432580	440485	446814	434030	424880	422565
2	25	435179	440387	452132	448704	431602	428978	415707	411603	412790	402002	397444	386036	378937	369596	375392	386397	393622	409156	417101	431483	429630	434426	442332	448658	435879	426729
2	26	443113	440102	442646	454013	450409	432989	430131	416634	412535	413723	402937	398383	386979	379882	370546	376340	387344	394569	410102	418046	432428	430574	435370	443278	449601	436827
2	27	437852	447564	442183	444363	455574	451663	434031	430971	417477	413381	414570	403788	399238	387838	380742	371410	377205	388207	395431	410963	418905	433287	431433	436230	444138	450461
2	28	437743	441802	449417	443686	445735	456649	452545	434733	431676	418188	414096	415285	404506	399959	388564	381471	372142	377937	388938	396161	411692	419633	434014	432161	436957	444866
2	29	440382	441287	443472	450755	444913	446689	457424	453154	435352	432296	418812	414724	415915	405141	400596	389206	382115	372792	378587	389586	396808	412337	420275	434654	432803	437599
2	30	432642	443178	442515	444395	451587	445496	447123	457713	453445	435651	432598	419120	415036	416227	405458	400915	389531	382443	373123	378918	389916	397138	412664	420601	434978	433128
2	31	437664	434654	443908	442965	444778	451739	445526	447032	457620	453355	435569	432521	419048	414969	416160	405396	400856	389477	382393	373077	378871	389868	397089	412612	420550	434923
2	32	439217	439390	435269	444253	443258	444858	451706	445390	446897	457483	453221	435444	432399	418932	414858	416052	405291	400755	389383	382301	372990	378784	389779	396998	412517	420456
2	33	441807	440683	439893	435527	444464	443273	444775	451526	445216	446724	457309	453051	435282	432240	418781	414710	415907	405151	400619	389253	382173	372868	378662	389655	396874	412388
2	34	441724	443009	441048	440021	435626	444371	443095	444514	451264	444960	446468	457051	452798	435039	432000	418548	414481	415680	404929	400403	389042	381967	372669	378461	389451	396671
2	35	422382	442498	443016	440831	439776	435211	443871	442517	443939	450688	444391	445899	456480	452230	434482	431448	418003	413940	415142	404397	399875	388523	381451	372159	377951	388936
2	36	394082	422839	442218	442542	440330	439120	434484	443069	441719	443143	449891	443600	445110	455689	451443	433706	430676	417241	413182	414385	403649	399130	387784	380718	371432	377225
2	37	387352	394482	422554	441745	442042	439688	438414	433715	442297	440952	442376	449123	442839	444351	454928	450686	432962	429935	416511	412456	413662	402932	398419	387081	380021	370741
2	38	396798	387696	394200	422089	441242	441410	438993	437661	432968	441547	440206	441633	448378	442102	443615	454190	449953	432243	429221	415805	411758	412967	402244	397735	386407	379352
2	39	404756	397094	387424	393778	421622	440646	440756	438284	436960	432272	440851	439512	440941	447686	441419	442932	453505	449273	431579	428563	415156	411114	412326	401612	397110	385790
2	40	412848	405123	396943	387153	393479	421199	440156	440215	437748	436429	431748	440328	438993	440423	447167	440910	442425	452994	448767	431090	428078	414684	410648	411863	401159	396664
2	41	430838	413236	405046	396758	386959	393187	420838	439733	439797	437335	436022	431350	439929	438598	440030	446775	440526	442044	452609	448390	430729	427722	414341	410312	411529	400835
2	42	450342	431129	413127	404833	396536	386658	392840	420429	439312	439381	436927	435618	430956	439532	438208	439644	446387	440147	441669	452230	448018	430374	427373	414007	409985	411203
2	43	468294	450531	430957	412874	404575	396210	386302	392442	420012	438882	438956	436511	435207	430556	439128	437810	439251	445993	439762	441290	451847	447642	430018	427021	413670	409656
2	44	456973	468326	450242	430606	412530	404175	395788	385858	391998	419546	438404	438483	436048	434751	430110	438680	437368	438813	445556	439333	440865	451418	447220	429618	426628	413290
2	45	469255	456948	467982	449847	430226	412116	403740	395337	385429	391568	419094	437938	438023	435598	434310	429679	438248	436944	438390	445135	438921	440457	451006	446816	429235	426254
2	46	469484	469105	456553	467514	449396	429755	411645	403257	394872	384984	391124	418628	437459	437552	435134	433856	429237	437800	436506	437957	444700	438499	440038	450584	446402	428844
2	47	474129	469261	468651	456069	467012	448881	429252	411151	402782	394418	384551	390690	418170	436986	437087	434678	433411	428804	437362	436078	437536	444276	438088	439630	450171	445998
2	48	476499	473851	468776	468129	455562	466460	448341	428729	410666	402319	393974	384132	390269	417722	436522	436632	434233	432977	428385	436937	435662	437126	443865	437690	439235	449770
2	49	480520	476164	473316	468220	467572	455002	465869	447770	428203	410180	401855	393534	383718	389853	417278	436060	436180	433789	432545	427968	436515	435250	436720	443455	437296	438846
2	50	475802	480138	475604	472731	467644	466978	454422	465260	447208	427689	409708	401407	393111	383321	389455	416848	435610	435740	433361	432128	427566	436109	434853	436330	443065	436919
2	51	465288	475336	479487	474941	472075	466979	466304	453767	464601	446597	427127	409193	400918	392648	382886	389018	416377	435118	435258	432891	431672	427125	435661	434417	435898	442633
2	52	454042	464695	474563	478683	474152	471274	466185	465506	453013	463840	445891	426474	408588	400340	392098	382367	388497	415816	434533	434685	432329	431125	426594	435126	433894	435379
2	53	438923	453311	463795	473623	477736	473207	470336	465253	464596	452147	462968	445074	425715	407880	399660	391447	381751	387878	415154	433847	434009	431667	430477	425962	434490	433271
2	54	421507	438096	452308	462757	472561	476660	472144	469279	464229	463593	451192	462004	444169	424872	407095	398905	390722	381062	387185	414414	433081	433254	430928	429751	425256	433776
2	55	412983	420645	437060	451227	461652	471423	475515	471015	468177	463161	462547	450198	461001	443230	423998	406282	398126	389977	380353	386473	413650	432286	432471	430163	429002	424528
2	56	403713	412026	419556	435916	450045	460441	470182	474268	469806	467000	462018	461429	449136	459927	442225	423064	405412	397291	389179	379593	385711	412833	431436	431633	429343	428197
2	57	389635	402618	410805	418312	434623	448707	459073	468792	472889	468467	465693	460750	460187	447953	458731	441101	422018	404434	396351	388278	378733	384847	411909	430477	430688	428416
2	58	375852	388436	401299	409460	416952	433206	447247	457583	467294	471404	467025	464286	459384	458846	446676	457440	439887	420885	403376	395336	387303	377801	383912	410909	429437	429664
2	59	363134	374592	387070	399884	408027	415497	431696	445692	456017	465718	469842	465507	462805	457948	457434	445332	456080	438613	419697	402267	394270	386283	376828	382932	409861	428347
2	60	364896	361709	373085	385514	398283	406404	413856	429999	443966	454277	463967	468105	463817	461154	456342	455857	443827	454557	437181	418356	401012	393060	385121	375718	381816	408667
2	61	360037	363245	360073	371404	383790	396512	404610	412048	428145	442078	452375	462052	466204	461967	459344	454581	454125	442169	452882	435602	416874	399621	391717	383829	374481	380574
2	62	351210	358307	361506	358368	369655	381992	394664	402740	410175	426224	440122	450401	460065	464230	460045	457465	452753	452329	440454	451146	433965	415342	398187	390336	382499	373210
2	63	354230	349370	356444	359644	356546	367782	380068	392688	400754	408186	424180	438041	448300	457949	462127	457999	455464	450805	450414	438625	449295	432220	413709	396657	388862	381081
2	64	362424	352130	347342	354392	357594	354537	365720	377953	390533	398587	406014	421952	435771	446008	455641	459831	455762	453275	448673	448315	436618	447261	430302	411910	394965	387230
2	65	370569	359978	349831	345107	352132	355337	352326	363453	375641	388179	396220	403640	419518	433292	443504	453117	457321	453314	450876	446334	446011	434412	445030	428190	409927	393096
2	66	390854	367703	357323	347289	342636	349637	352844	349883	360967	373108	385599	393625	401035	416848	430573	440757	450349	454568	450626	448240	443762	443475	431979	442567	425857	407731
2	67	422532	387470	364700	354456	344547	339968	346943	350156	347258	358294	370385	382824	390833	398234	413974	427645	437800	447367	451600	447728	445397	440985	440738	429353	439907	423336
2	68	327926	418455	383979	361478	351385	341606	337109	344055	347286	344454	355440	367474	379845	387821	395211	410872	424484	434606	444146	448392	444594	442322	437981	437776	426510	437028
2	69	319014	324421	414213	380173	357963	348029	338394	333984	340910	344159	341398	352328	364277	376561	384514	391889	407465	421009	431096	440607	444864	441146	438938	434672	434512	423376
2	70	317850	315168	320768	409604	376032	354131	344366	334884	330577	337482	340747	338062	348907	360762	372980	380907	388264	403746	417218	427264	436741	441011	437377	435235	431050	430937
2	71	298903	313583	311233	316842	404652	371573	350008	340421	331111	326912	333792	337075	334456	345223	357004	369148	377045	384384	399762	413155	423157	432594	436878	433334	431262	427162
2	72	269362	294426	309229	307003	312617	399329	366777	345567	336178	327050	322967	329818	333119	330584	341277	352979	365040	372907	380223	395490	408797	418749	428145	432442	428990	426994
2	73	244678	264874	289876	304550	302455	308074	393602	361618	340793	331613	322680	318718	325539	328857	326410	337022	348637	360608	368439	375731	390873	404088	413983	423332	427640	424290
2	74	252632	240148	260335	285004	299535	297575	303194	387452	356079	335665	326708	317982	314146	320932	324269	321915	332439	343957	355831	363621	370885	385891	399001	408835	418133	422450
2	75	250767	247385	235558	255457	279768	294143	292327	297944	380836	350115	330141	321421	312912	309212	315959	319311	317057	327484	338896	350663	358404	365634	380493	393488	403252	412495
2	76	243576	244931	242097	230631	250219	274142	288346	286678	292294	373716	343691	324185	315716	307439	303884	310586	313951	311804	322126	333421	345067	352756	359947	374646	387516	397202
2	77	232435	237192	239049	236411	225330	244579	268080	282097	280586	286197	366028	336747	317742	309541	301512	298109	304759	308138	306103	316309	327477	338990	346618	353764	368286	381018
2	78	222261	225558	230773	232730	230295	219620	238501	261544	275358	274009	279607	357717	329233	310763	302848	295082	291841	298433	301824	299907	309985	321009	332379	339939	347032	361358
2	79	211358	214808	218656	223884	225941	223717	213472	231950	254495	268079	266901	272478	348722	321095	303198	295585	288103	285035	291559	294960	293168	303104	313969	325177	332660	339694
2	80	196703	203297	207343	211252	216483	218637	216634	206843	224883	246887	260213	259213	264759	338982	312272	294990	287700	280517	277632	284081	287489	285831	295609	306299	317328	324723
2	81	187790	188167	195265	199364	203328	208554	210799	209023	199714	217275	238687	251727	250906	256412	328443	302716	286093	279148	272286	269593	275956	279365	277850	287454	297949	308777
2	82	182572	178514	179703	186719	190861	194868	200076	202408	200865	192064	209102	229866	242589	241953	247406	317068	292388	276469	269887	263367	260876	267141	270550	269185	278592	288874
2	83	173687	172322	169388	170758	177669	181844	185883	191056	193470	192159	183891	200360	220423	232794	232342	237730	304836	281272	266100	259902	253744	251466	257619	261023	259815	269005
2	84	162214	162606	162295	159789	161332	168115	172308	176364	181485	183970	182896	175181	191033	210332	222316	222051	227355	291710	269332	254952	249158	243381	241325	247350	250744	249701
2	85	145959	150451	151837	151809	149732	151440	158065	162257	166314	171364	173907	173069	165925	181111	199583	211140	211061	216262	277665	256544	243001	237628	232252	230424	236306	239680
2	86	130835	133947	139125	140673	140915	139262	141120	147563	151732	155767	160722	163309	162703	156147	170612	188197	199284	199387	204466	262714	242916	230253	225318	220361	218769	224490
2	87	118553	118633	122497	127489	129180	129681	128442	130428	136660	140782	144772	149604	152216	151834	145881	159572	176205	186777	187056	191992	246887	228470	216726	212244	207721	206369
2	88	106998	106049	107148	110867	115646	117457	118194	117352	119444	125431	129476	133394	138074	140691	140520	135177	148042	163665	173679	174121	178891	230247	213265	202471	198452	194374
2	89	93950	94270	94444	95632	99183	103721	105625	106573	106099	108271	113977	117915	121730	126228	128824	128850	124116	136108	150663	160077	160669	165245	212895	197391	187573	184022
2	90	82630	81381	82648	82983	84233	87592	91859	93821	94947	94811	97028	102416	106214	109895	114180	116727	116933	112799	123876	137311	146086	146811	151167	194971	180971	172144
2	91	72032	70245	70129	71373	71839	73123	76262	80232	82218	83482	83641	85865	90904	94528	98041	102081	104553	104912	101361	111491	123767	131869	132703	136815	176676	164184
2	92	62358	59987	59393	59425	60625	61189	62474	65371	69020	70989	72347	72754	74948	79604	83022	86334	90098	92467	92952	89959	99118	110210	117610	118528	122370	158235
2	93	52393	50759	49666	49283	49431	50566	51193	52447	55081	58387	60299	61706	62306	64431	68678	71858	74939	78402	80639	81221	78749	86928	96826	103504	104480	108030
2	94	39318	41597	41078	40282	40070	40301	41352	42008	43201	45555	48505	50322	51732	52469	54488	58305	61219	64042	67183	69261	69909	67917	75120	83833	89782	90787
2	95	24889	30386	32848	32512	31962	31880	32161	33112	33764	34871	36940	39523	41212	42579	43401	45278	48656	51282	53827	56632	58530	59212	57648	63899	71458	76683
2	96	16903	18700	23375	25335	25140	24782	24793	25096	25933	26556	27556	29338	31559	33092	34378	35232	36940	39879	42203	44458	46921	48624	49310	48118	53459	59917
2	97	13102	12326	14005	17545	19069	18978	18762	18833	19133	19853	20426	21303	22806	24678	26035	27211	28051	29571	32083	34102	36063	38189	39687	40351	39472	43962
2	98	10008	9262	8973	10223	12838	13996	13972	13859	13961	14241	14844	15351	16100	17340	18885	20057	21099	21891	23213	25319	27040	28712	30512	31805	32427	31803
2	99	7155	6847	6544	6358	7265	9148	10006	10023	9976	10090	10338	10828	11262	11882	12882	14129	15115	16013	16730	17852	19584	21021	22418	23913	25006	25569
2	100	4888	4728	4689	4493	4377	5017	6337	6957	6995	6989	7098	7307	7696	8053	8553	9340	10323	11130	11882	12508	13437	14830	16004	17147	18364	19268
2	101	3126	3110	3129	3112	2989	2921	3361	4259	4696	4739	4756	4852	5021	5320	5604	5994	6596	7353	7994	8606	9133	9883	10977	11914	12829	13798
2	102	1837	1910	1984	2001	1996	1923	1886	2177	2772	3068	3110	3135	3215	3346	3568	3786	4082	4529	5095	5591	6074	6500	7090	7930	8660	9373
2	103	1071	1058	1155	1204	1217	1218	1178	1159	1344	1720	1912	1948	1974	2035	2132	2290	2449	2663	2985	3391	3760	4125	4457	4903	5528	6077
2	104	613	577	602	659	689	699	702	682	674	786	1010	1129	1157	1179	1222	1292	1398	1509	1656	1876	2156	2418	2683	2930	3255	3699
2	105 - 109	692	614	604	613	651	689	714	732	731	730	796	961	1119	1225	1296	1363	1445	1563	1707	1888	2140	2478	2859	3274	3707	4200
2	110 and over	14	10	9	9	9	8	8	8	9	9	9	10	11	11	12	13	19	22	25	28	30	34	37	44	54	69
