Sex	Age	2014	2015	2016	2017	2018	2019	2020	2021	2022	2023	2024	2025	2026	2027	2028	2029	2030	2031	2032	2033	2034	2035	2036	2037	2038	2039
1	0	398997	396929	400995	404437	407676	410089	411943	413311	414520	415121	414875	414033	412720	411496	410586	409809	409248	408979	409036	409472	410325	411638	413397	415554	418053	420738
1	1	410138	401265	398959	402837	406285	409387	411754	413564	414935	416148	416753	416512	415672	414365	413143	412236	411461	410904	410635	410694	411131	411984	413295	415056	417211	419709
1	2	424084	412970	403808	401297	405177	408467	411513	413828	415641	417013	418226	418835	418596	417754	416450	415229	414322	413547	412992	412721	412782	413219	414073	415381	417142	419297
1	3	418717	426648	415280	405918	403411	407140	410380	413379	415694	417507	418880	420094	420704	420467	419625	418320	417100	416194	415419	414864	414594	414656	415092	415947	417255	419015
1	4	410610	421059	428780	417209	407857	405198	408879	412074	415074	417389	419204	420576	421791	422401	422163	421324	420020	418801	417894	417121	416565	416294	416357	416793	417648	418956
1	5	406814	412656	422938	430460	418904	409406	406705	410346	413542	416542	418858	420672	422044	423260	423871	423632	422794	421490	420271	419365	418593	418036	417766	417829	418265	419119
1	6	410302	408501	414216	424317	431854	420166	410631	407897	411539	414736	417737	420053	421867	423240	424456	425066	424828	423990	422687	421467	420560	419791	419233	418963	419026	419463
1	7	397054	411814	409907	415455	425572	432986	421267	411703	408969	412611	415808	418810	421128	422941	424314	425531	426141	425904	425065	423762	422543	421636	420867	420309	420039	420102
1	8	388063	398510	413157	411100	416658	426664	434045	422298	412735	410002	413644	416841	419842	422162	423975	425348	426566	427176	426939	426100	424797	423578	422670	421902	421344	421075
1	9	373006	389462	399794	414299	412250	417702	427678	435031	423285	413723	410991	414633	417831	420832	423152	424965	426337	427555	428167	427930	427091	425788	424569	423661	422893	422334
1	10	366463	374425	390761	400960	415474	413326	418746	428697	436049	424304	414743	412012	415653	418851	421853	424173	425985	427359	428575	429187	428950	428111	426811	425591	424682	423914
1	11	356301	367958	375791	391999	402206	416622	414447	419838	429792	437143	425398	415838	413107	416749	419946	422949	425270	427081	428456	429672	430284	430047	429209	427908	426689	425780
1	12	350571	357798	369312	377031	393241	403361	417747	415545	420936	430891	438241	426497	416939	414208	417850	421047	424050	426372	428183	429557	430774	431385	431148	430310	429009	427791
1	13	359210	352079	359150	370559	378276	394405	404499	418856	416653	422044	432001	439350	427610	418052	415323	418964	422162	425165	427486	429299	430673	431890	432500	432264	431427	430124
1	14	370466	360816	353514	360484	371888	379529	395628	405691	420050	417847	423237	433195	440544	428807	419248	416521	420162	423359	426364	428685	430497	431872	433088	433699	433461	432625
1	15	382196	372571	362657	355255	362209	373530	381131	397192	407254	421614	419413	424802	434760	442110	430374	420817	418091	421732	424930	427935	430256	432067	433444	434659	435271	435033
1	16	387348	384795	374804	364783	357357	364221	375494	383044	399104	409166	423525	421328	426715	436673	444023	432290	422734	420010	423650	426848	429853	432175	433986	435364	436578	437190
1	17	399339	390444	387407	377306	367248	359727	366527	377738	385290	401348	411410	425768	423573	428962	438917	446267	434538	424985	422263	425902	429101	432105	434427	436236	437616	438830
1	18	403292	403762	394180	390964	380814	370610	363000	369715	380925	388477	404534	414596	428952	426759	432150	442103	449455	437728	428175	425458	429095	432295	435299	437621	439429	440807
1	19	405326	410321	409768	399849	396570	386150	375806	368066	374783	385991	393544	409599	419661	434014	431825	437216	447168	454520	442796	433245	430532	434168	437369	440371	442694	444501
1	20	423227	414551	418097	417058	407044	403378	392755	382217	374483	381202	392410	399964	416016	426077	440430	438243	443633	453584	460938	449219	439671	436960	440594	443795	446795	449119
1	21	425645	433352	422876	425869	424690	414231	410311	399447	388920	381191	387912	399119	406675	422723	432781	447134	444948	450339	460287	467641	455926	446383	443673	447308	450509	453506
1	22	439175	436863	442453	431368	434187	432506	421752	417549	406695	396177	388455	395177	406384	413940	429984	440040	454390	452207	457600	467545	474898	463187	453647	450938	454572	457775
1	23	456389	451041	446387	451319	440041	442321	440313	429252	425055	414210	403702	395986	402707	413913	421470	437511	447566	461912	459729	465123	475066	482418	470711	461176	458467	462099
1	24	449824	467447	459794	454490	459225	447414	449368	447050	435999	431808	420973	410473	402763	409484	420687	428244	444284	454335	468677	466498	471890	481831	489181	477478	467947	465239
1	25	441752	458720	474257	465977	460503	464718	452610	454273	451961	440922	436734	425908	415417	407712	414434	425634	433191	449226	459276	473613	471436	476827	486766	494112	482414	472886
1	26	444147	448974	464044	478977	470546	464584	468520	456147	457814	455507	444479	440298	429478	418996	411294	418018	429215	436772	452802	462848	477181	475007	480395	490332	497676	485983
1	27	430783	450740	453814	468312	483092	474203	467983	471664	459303	460975	458672	447653	443478	432665	422191	414495	421219	432413	439968	455993	466034	480364	478192	483578	493510	500853
1	28	439328	436695	455032	457575	471933	486276	477148	470700	474385	462034	463711	461412	450402	446232	435428	424962	417270	423994	435185	442737	458758	468795	483119	480947	486334	496261
1	29	440748	444732	440604	458447	460864	474822	488930	479591	473154	476843	464502	466183	463890	452889	448725	437928	427470	419783	426505	437694	445243	461259	471290	485609	483438	488822
1	30	428719	444630	447352	442798	460526	462594	476349	490262	480933	474506	478198	465868	467553	465266	454274	450114	439326	428878	421196	427915	439101	446645	462653	472681	486993	484821
1	31	431951	431176	446038	448382	443746	461153	463058	476646	490554	481236	474819	478512	466194	467883	465600	454618	450462	439684	429244	421566	428283	439464	447006	463004	473026	487333
1	32	430780	434044	432356	446844	449116	444193	461436	463195	476779	490682	481376	474968	478663	466356	468046	465769	454797	450647	439876	429445	421775	428489	439662	447201	463188	473204
1	33	435537	432348	434846	432804	447228	449215	444162	461263	463026	476604	490500	481206	474809	478503	466208	467900	465628	454664	450521	439761	429335	421673	428385	439550	447083	463062
1	34	436154	436834	432990	435142	433066	447203	449070	443904	460995	462761	476334	490220	480937	474550	478244	465963	467653	465388	454433	450293	439547	429128	421473	428182	439338	446863
1	35	419401	437176	437296	433146	435265	432948	446966	448728	443570	460651	462420	475985	489861	480589	474212	477905	465638	467327	465066	454123	449987	439250	428841	421193	427899	439046
1	36	391384	420161	437426	437275	433106	435010	432605	446520	448282	443133	460199	461971	475528	489392	480131	473766	477457	465202	466893	464635	453704	449572	438846	428448	420806	427508
1	37	386312	392048	420343	437339	437162	432804	434620	432134	446039	447803	442662	459713	461487	475030	488882	479631	473278	476965	464726	466416	464163	453243	449118	438403	428016	420383
1	38	392139	386920	392229	420261	437213	436857	432427	434164	431686	445578	447342	442209	459242	461018	474547	488386	479146	472804	476488	464265	465953	463705	452798	448677	437977	427600
1	39	399506	392681	387075	392172	420139	436906	436475	431983	433723	431251	445127	446891	441767	458782	460559	474072	487896	478667	472337	476017	463808	465497	463250	452360	448244	437556
1	40	405724	399500	392335	386550	391618	419397	436072	435577	431094	432835	430373	444231	445996	440879	457874	459649	473147	486953	477738	471419	475095	462902	464592	462348	451474	447362
1	41	424493	405223	398695	391381	385583	390516	418192	434783	434293	429821	431561	429105	442947	444712	439605	456575	458349	471830	485616	476418	470108	473780	461605	463292	461052	450197
1	42	442516	423991	404451	397793	390468	384568	389435	417012	433581	433095	428637	430376	427928	441753	443516	438417	455365	457138	470600	484364	475182	468882	472548	460394	462078	459843
1	43	454033	441980	423205	403578	396908	389495	383556	388366	415899	432445	431961	427518	429257	426815	440620	442383	437293	454217	455989	469430	483171	474007	467720	471378	459245	460925
1	44	444445	453451	441154	422309	402700	395954	388507	382534	387342	414828	431350	430872	426442	428183	425748	439531	441294	436214	453112	454882	468301	482017	472870	466598	470249	458136
1	45	455317	444208	452919	440561	421734	402093	395318	387843	381890	386695	414134	430630	430156	425741	427483	425056	438816	440579	435509	452382	454151	467547	481237	472107	465848	469494
1	46	455778	455292	443939	452563	440210	421366	401729	394932	387480	381549	386352	413741	430212	429742	425343	427085	424669	438404	440168	435109	451952	453722	467093	480757	471644	465398
1	47	464071	455614	454890	443503	452093	439719	420886	401261	394490	387063	381153	385955	413295	429739	429275	424889	426634	424228	437938	439701	434655	451466	453235	466581	480218	471122
1	48	461610	463744	455083	454313	442943	451474	439103	420290	400720	393978	386578	380690	385490	412779	429193	428736	424366	426112	423717	437400	439162	434128	450907	452672	465993	479603
1	49	465864	461161	463079	454404	453626	442256	450746	438385	419635	400124	393412	386038	380175	384972	412207	428594	428140	423787	425534	423151	436805	438569	433546	450291	452050	465342
1	50	461541	465100	460247	462135	453484	452685	441332	449788	437477	418793	399345	392663	385317	379481	384276	411452	427808	427362	423024	424771	422399	436022	437786	432775	449482	451239
1	51	453132	460429	463859	459004	460893	452253	451454	440127	448581	436322	417706	398325	391672	384359	378547	383338	410453	426774	426334	422013	423759	421398	434990	436751	431752	448419
1	52	444765	451856	459029	462439	457610	459483	450871	450072	438802	447251	435049	416504	397194	390573	383292	377505	382293	409337	425622	425187	420884	422627	420275	433833	435590	430604
1	53	430028	443394	450371	457514	460925	456112	457978	449400	448627	437416	445858	433715	415246	396012	389422	382175	376415	381197	408165	424407	423977	419692	421432	419091	432607	434359
1	54	412989	428541	441774	448725	455853	459254	454467	456330	447812	447068	435919	444349	432270	413878	394727	388170	380958	375227	379999	406883	423076	422651	418384	420120	417788	431260
1	55	403877	411381	426803	439986	446928	454037	457431	452675	454559	446102	445386	434302	442720	430705	412399	393333	386812	379636	373936	378695	405488	421625	421203	416956	418686	416363
1	56	394739	402150	409576	424941	438080	445010	452100	455492	450793	452697	444302	443616	432601	441002	429056	410841	391867	385382	378244	372577	377322	404011	420088	419668	415440	417163
1	57	380158	392859	400202	407612	422920	436013	442927	450000	453408	448765	450692	442361	441703	430762	439143	427268	409151	390275	383829	376730	371094	375826	402400	418408	417991	413783
1	58	366613	378046	390657	397987	405379	420625	433668	440566	447640	451064	446478	448424	440164	439531	428668	437026	425225	407214	388441	382036	374981	369377	374091	400537	416470	416055
1	59	352170	364262	375620	388181	395496	402873	418051	431040	437936	445007	448445	443919	445882	437696	437089	426306	434637	422915	405015	386354	379990	372980	367412	372105	398410	414258
1	60	351859	349717	361725	373038	385545	392842	400196	415300	428247	435140	442203	445652	441188	443167	435056	434478	423778	432075	420439	402653	384114	377793	370830	365300	369967	396117
1	61	347724	349200	347086	359033	370296	382742	390014	397342	412383	425279	432165	439220	442678	438276	440268	432235	431683	421072	429329	417783	400122	381711	375435	368518	363027	367667
1	62	336380	344855	346343	344286	356168	367373	379754	386997	394315	409287	422123	428999	436039	439502	435164	437171	429217	428690	418171	426385	414930	397403	379125	372899	366031	360579
1	63	338723	333446	341879	343397	341399	353210	364351	376660	383891	391194	406088	418860	425719	432739	436207	431932	433950	426078	425573	415151	423314	411957	394570	376435	370258	363445
1	64	344106	335504	330345	338741	340287	338350	350083	361157	373404	380618	387902	402707	415409	422246	429240	432707	428497	430523	422736	422254	411933	420038	408782	391543	373560	367434
1	65	353019	340443	332031	326984	335340	336911	335034	346684	357701	369879	377069	384331	399036	411657	418468	425431	428894	424748	426778	419079	418618	408402	416441	405293	388211	370390
1	66	370692	348905	336609	328366	323435	331744	333338	331524	343099	354051	366152	373311	380543	395138	407668	414445	421371	424826	420746	422776	415168	414724	404619	412586	401550	384635
1	67	401134	365897	344593	332543	324477	319669	327928	329548	327812	339301	350180	362193	369317	376508	390982	403411	410146	417029	420471	416457	418482	410970	410542	400553	408437	397522
1	68	308634	395240	360794	339903	328110	320229	315547	323749	325408	323752	335147	345939	357840	364909	372054	386391	398705	405391	412221	415643	411699	413715	406303	405887	396020	403813
1	69	297414	303583	389028	355268	334808	323283	315591	311041	319191	320887	319311	330597	341268	353031	360048	367139	381323	393508	400133	406901	410296	406425	408423	401117	400711	390975
1	70	296179	291971	298294	382389	349348	329340	318094	310603	306198	314285	316013	314518	325660	336193	347829	354785	361811	375823	387864	394421	401116	404478	400680	402657	395460	395062
1	71	273379	290104	286301	292641	375293	343006	323473	312518	305243	300987	309002	310760	309331	320326	330735	342231	349114	356064	369887	381763	388243	394852	398173	394449	396399	389318
1	72	242111	267144	283832	280273	286624	367733	336237	317194	306552	299500	295398	303328	305110	303759	314607	324876	336214	343016	349877	363491	375186	381573	388086	391359	387708	389626
1	73	216089	236045	260799	277258	273943	280294	359762	329090	310570	300250	293426	289479	297311	299114	297841	308523	318635	329797	336503	343263	356646	368141	374423	380825	384042	380465
1	74	222378	210188	229933	254199	270407	267341	273680	351397	321595	303619	293629	287039	283250	290971	292788	291592	302090	312027	322993	329589	336233	349362	360633	366798	373075	376226
1	75	218365	215656	204199	223523	247266	263195	260378	266691	342552	313653	296244	286596	280245	276615	284210	286034	284911	295206	304948	315698	322168	328684	341529	352556	358588	364726
1	76	210403	211022	208819	197885	216762	239944	255565	252993	259268	333153	305195	288371	279075	272969	269502	276954	278779	277726	287796	297323	307832	314161	320532	333065	343821	349704
1	77	196229	202514	203571	201625	191224	209615	232193	247475	245152	251374	323149	296172	279955	271023	265167	261863	269153	270972	269987	279807	289096	299339	305509	311717	323910	334369
1	78	183406	188009	194537	195751	194058	184202	202068	223993	238903	236824	242972	312494	286542	270958	262399	256802	253662	260771	262573	261654	271198	280223	290172	296163	302190	314010
1	79	171366	174832	179762	186219	187577	186129	176826	194128	215352	229849	228010	234065	301176	276295	261372	253197	247864	244889	251795	253572	252714	261955	270689	280314	286107	291931
1	80	154878	162386	166249	171176	177536	179023	177814	169075	185768	206237	220281	218674	224612	289147	265386	251149	243373	238309	235499	242179	243919	243119	252024	260440	269709	275284
1	81	143293	145757	153431	157338	162238	168477	170075	169095	160932	176968	196623	210169	208783	214581	276364	253772	240249	232882	228094	225449	231881	233570	232825	241365	249430	258310
1	82	134979	133807	136722	144190	148116	152963	159050	160744	159982	152402	167732	186509	199513	198340	203969	262818	241444	228661	221715	217208	214728	220883	222510	221814	229956	237640
1	83	122881	124909	124457	127443	134670	138586	143351	149255	151029	150472	143478	158050	175886	188294	187324	192753	248483	228377	216361	209846	205626	203310	209160	210713	210063	217772
1	84	109047	112547	115064	114925	117949	124901	128777	133429	139123	140950	140582	134177	147940	164772	176535	175753	180951	233380	214585	203361	197287	193356	191203	196721	198188	197577
1	85	94562	98744	102568	105139	105283	108314	114953	118756	123264	128713	130572	130375	124557	137459	153229	164296	163687	168623	217580	200135	189722	184095	180454	178465	183621	184992
1	86	81066	84540	88913	92619	95208	95599	98605	104892	108590	112920	118092	119953	119906	114670	126665	141316	151640	151185	155827	201153	185093	175506	170332	166983	165152	169924
1	87	70907	71448	75093	79221	82775	85346	85946	88890	94794	98351	102470	107331	109169	109250	104585	115630	129113	138649	138330	142648	184212	169557	160808	156088	153028	151353
1	88	60111	61522	62529	65928	69779	73147	75664	76433	79278	84764	88150	92025	96545	98332	98518	94405	104469	116746	125460	125252	129221	166929	153689	145780	141511	138741
1	89	49450	51261	52965	54008	57140	60689	63841	66263	67159	69871	74912	78094	81696	85848	87559	87824	84238	93304	104350	112216	112094	115693	149495	137664	130591	126770
1	90	40666	41375	43337	44927	45972	48816	52042	54950	57246	58224	60771	65343	68291	71595	75360	76966	77287	74200	82258	92066	99069	99014	102225	132124	121679	115428
1	91	32830	33325	34292	36037	37491	38508	41048	43937	46578	48716	49733	52086	56176	58864	61849	65214	66694	67044	64425	71480	80058	86196	86186	89002	115052	105957
1	92	26423	26310	27034	27909	29432	30735	31694	33923	36467	38824	40776	41793	43929	47530	49940	52591	55549	56885	57243	55053	61128	68505	73792	73809	76230	98548
1	93	20496	20667	20856	21496	22267	23569	24709	25587	27507	29705	31769	33516	34496	36398	39514	41634	43946	46498	47676	48023	46221	51356	57584	62050	62078	64115
1	94	14103	15612	15974	16169	16718	17381	18468	19443	20222	21841	23701	25471	27000	27914	29571	32215	34043	36018	38174	39189	39508	38051	42302	47451	51143	51171
1	95	8188	10436	11740	12047	12233	12690	13242	14126	14939	15610	16944	18482	19966	21271	22097	23506	25702	27243	28890	30671	31521	31803	30648	34085	38243	41223
1	96	5076	5873	7617	8593	8844	9010	9377	9825	10525	11182	11742	12813	14054	15266	16352	17072	18242	20022	21287	22627	24061	24753	24990	24092	26801	30074
1	97	3628	3518	4150	5397	6106	6303	6443	6730	7080	7619	8133	8584	9421	10394	11357	12234	12842	13786	15190	16201	17261	18384	18929	19120	18437	20511
1	98	2517	2420	2398	2836	3698	4197	4345	4458	4673	4937	5338	5728	6078	6711	7450	8192	8879	9373	10111	11187	11970	12783	13633	14047	14193	13686
1	99	1643	1610	1586	1574	1868	2443	2780	2889	2974	3130	3321	3608	3894	4155	4617	5160	5712	6232	6619	7176	7973	8559	9160	9783	10085	10191
1	100	1011	1006	1012	1000	994	1183	1552	1772	1848	1910	2019	2149	2348	2548	2736	3061	3446	3840	4220	4511	4917	5486	5909	6337	6776	6986
1	101	578	590	604	609	605	602	718	946	1083	1133	1176	1249	1335	1466	1601	1730	1950	2211	2482	2748	2958	3242	3632	3926	4220	4516
1	102	304	322	338	347	351	349	348	417	551	633	664	693	738	793	875	961	1046	1188	1358	1538	1715	1860	2050	2308	2502	2696
1	103	161	159	175	185	190	192	192	191	231	307	353	371	389	416	449	499	549	604	691	796	910	1024	1117	1240	1402	1526
1	104	82	80	83	91	96	99	100	101	100	122	161	188	198	207	224	241	270	299	331	382	445	513	583	640	715	813
1	105 - 109	73	67	68	69	73	78	81	82	83	84	96	121	147	167	179	192	209	232	259	290	333	391	460	534	604	687
1	110 and over	2	1	0	0	0	0	0	0	0	0	0	0	1	1	1	1	1	1	1	1	1	1	1	2	3	4
2	0	379368	378133	382007	385284	388365	390666	392427	393725	394876	395445	395204	394399	393146	391979	391109	390365	389831	389572	389624	390040	390850	392100	393777	395834	398215	400774
2	1	389551	381323	379868	383567	386850	389797	392055	393776	395076	396230	396803	396565	395761	394511	393348	392481	391738	391206	390947	391000	391418	392228	393478	395154	397210	399590
2	2	403951	392048	383555	381907	385607	388740	391637	393845	395568	396868	398022	398595	398360	397556	396307	395144	394277	393535	393004	392746	392799	393216	394027	395277	396953	399009
2	3	398986	406145	394017	385332	383692	387248	390333	393184	395393	397115	398416	399572	400144	399910	399107	397858	396696	395829	395086	394555	394299	394353	394769	395580	396829	398505
2	4	392241	400909	407879	395564	386888	385108	388621	391666	394516	396726	398448	399749	400905	401478	401244	400441	399193	398030	397165	396421	395891	395635	395689	396105	396917	398166
2	5	388490	393960	402476	409267	396962	388152	386334	389809	392856	395706	397916	399638	400939	402096	402669	402435	401632	400385	399221	398359	397613	397084	396828	396882	397298	398109
2	6	391280	390019	395363	403706	410513	398080	389237	387386	390861	393908	396758	398969	400692	401992	403149	403723	403489	402688	401440	400275	399414	398667	398139	397882	397936	398352
2	7	377729	392683	391322	396499	404858	411540	399077	390202	388352	391827	394875	397725	399935	401659	402960	404116	404692	404456	403656	402409	401244	400383	399635	399108	398851	398906
2	8	370572	379065	393923	392407	397597	405842	412493	400003	391129	389279	392755	395802	398652	400864	402587	403889	405045	405621	405385	404585	403338	402175	401314	400564	400038	399780
2	9	355814	371886	380270	394993	393489	398579	406795	413417	400929	392057	390206	393684	396731	399582	401793	403516	404817	405974	406550	406315	405514	404266	403104	402245	401494	400969
2	10	349411	357138	373104	381364	396095	394499	399564	407753	414375	401888	393018	391167	394645	397691	400543	402754	404478	405779	406936	407513	407277	406476	405228	404068	403207	402456
2	11	339211	350765	358385	374235	382503	397146	395525	400568	408756	415378	402892	394023	392173	395651	398697	401549	403760	405484	406786	407943	408522	408284	407483	406234	405076	404214
2	12	334246	340622	352055	359566	375419	383607	398224	396578	401621	409809	416431	403948	395079	393229	396707	399753	402606	404817	406540	407842	408999	409579	409341	408540	407290	406133
2	13	344292	335619	341870	353202	360714	376491	384655	399249	397603	402646	410834	417457	404974	396108	394258	397736	400781	403635	405845	407568	408870	410027	410607	410370	409571	408319
2	14	351786	345601	336798	342959	354293	361736	377485	385627	400221	398575	403618	411805	418429	405948	397083	395234	398712	401757	404612	406821	408544	409846	411004	411583	411344	410547
2	15	363542	353362	346990	338097	344249	355511	362922	378640	386783	401376	399730	404773	412960	419584	407103	398240	396391	399868	402914	405769	407978	409702	411003	412162	412741	412501
2	16	368365	365453	354990	348518	339611	345682	356899	364272	379987	388130	402724	401078	406121	414309	420933	408453	399591	397744	401220	404267	407122	409330	411053	412354	413513	414093
2	17	379140	370652	367344	356778	350274	341279	347296	358459	365833	381548	389690	404283	402638	407680	415868	422492	410014	401154	399307	402783	405830	408685	410892	412616	413917	415075
2	18	378465	382932	373763	370317	359692	353071	343992	349927	361090	368464	384178	392320	406911	405267	410311	418497	425122	412644	403787	401939	405416	408464	411319	413524	415250	416547
2	19	385249	385319	388563	379190	375627	364828	358063	348847	354782	365943	373318	389030	397172	411762	410118	415163	423348	429973	417496	408643	406794	410271	413320	416174	418377	420104
2	20	402761	394005	392406	395381	385846	382048	371054	364099	354886	360820	371980	379356	395066	403207	417796	416152	421196	429381	436006	423530	414681	412831	416309	419357	422210	424414
2	21	409355	411660	401022	399109	401892	392082	388055	376844	369890	360682	366614	377773	385148	400857	408997	423585	421943	426986	435170	441795	429320	420474	418623	422101	425150	428002
2	22	431579	419431	419506	408503	406361	408814	398733	394446	383239	376287	367082	373013	384170	391547	407253	415392	429978	428335	433379	441562	448187	435713	426870	425019	428496	431544
2	23	440935	442084	427559	427237	415994	413499	415660	405301	401016	389813	382863	373662	379593	390746	398123	413827	421965	436549	434906	439949	448132	454755	442284	433444	431593	435070
2	24	434269	449916	448903	433999	433458	421882	419118	421018	410664	406381	395183	388235	379037	384969	396118	403497	419196	427334	441913	440272	445316	453497	460119	447651	438811	436960
2	25	435179	441353	455063	453675	438575	437708	425884	422881	424783	414429	410147	398954	392009	382814	388746	399893	407270	422965	431103	445680	444038	449081	457262	463882	451418	442580
2	26	443113	441020	445453	458782	457218	441798	440698	428650	425648	427552	417202	412920	401731	394789	385597	391528	402674	410051	425741	433876	448453	446810	451851	460031	466650	454189
2	27	437852	448393	444756	448824	461996	460123	444494	443190	431146	428145	430051	419704	415424	404237	397298	388108	394039	405184	412558	428246	436378	450953	449311	454350	462529	469147
2	28	437743	442549	451735	447750	451684	464559	462492	446684	445381	433342	430342	432247	421905	417627	406445	399507	390320	396249	407393	414766	430448	438580	453151	451511	456548	464724
2	29	440382	441958	445559	454413	450314	453974	466671	464437	448635	447334	435301	432304	434209	423870	419594	408417	401480	392296	398225	409365	416738	432413	440545	455111	453471	458508
2	30	432642	443759	444348	447643	456405	452056	455566	468117	465884	450089	448790	436761	433768	435674	425336	421063	409892	402957	393773	399703	410840	418211	433882	442010	456572	454931
2	31	437664	435156	445490	445793	449023	457553	453080	456471	469017	466786	450996	449701	437677	434685	436594	426258	421988	410821	403890	394709	400637	411771	419140	434806	442929	457489
2	32	439217	439837	436659	446725	446976	449989	458406	453825	457218	469758	467531	451748	450454	438436	435446	437354	427024	422757	411594	404667	395489	401415	412545	419910	435570	443691
2	33	441807	441078	441124	437702	447721	447776	450688	459008	454428	457821	470358	468132	452358	451065	439052	436066	437972	427649	423383	412225	405302	396127	402052	413176	420540	436191
2	34	441724	443365	442148	441958	438507	448332	448302	451127	459443	454868	458261	470795	468569	452804	451511	439506	436523	438426	428110	423845	412693	405773	396603	402527	413645	421007
2	35	422382	442838	444047	442606	442389	438762	448501	448391	451218	459530	454960	458352	470880	468657	452900	451609	439611	436631	438532	428222	423959	412816	405896	396732	402653	413766
2	36	394082	423158	443195	444209	442739	442367	438669	448331	448223	451050	459359	454793	458184	470706	468485	452739	451450	439459	436481	438383	428077	423815	412681	405764	396604	402523
2	37	387352	394779	423460	443307	444292	442681	442240	438481	448137	448033	450859	459166	454604	457994	470511	468292	452554	451267	439285	436308	438210	427910	423650	412525	405609	396457
2	38	396798	387972	395039	423537	443348	444201	442526	442025	438270	447922	447820	450647	458950	454392	457780	470290	468074	452346	451061	439087	436115	438014	427722	423465	412347	405434
2	39	404756	397346	388197	395114	423565	443243	444039	442309	441812	438060	447709	447609	450436	458734	454182	457567	470069	467857	452140	450858	438891	435922	437822	427536	423281	412172
2	40	412848	405348	397638	388368	395256	423579	443191	443933	442209	441715	437969	447611	447513	450340	458634	454087	457469	469964	467755	452050	450771	438813	435845	437745	427467	423214
2	41	430838	413435	405665	397844	388563	395353	423602	443151	443895	442178	441684	437947	447581	447486	450312	458602	454060	457439	469926	467719	452028	450751	438803	435835	437738	427466
2	42	450342	431312	413685	405808	397980	388620	395360	423542	443078	443823	442112	441622	437893	447517	447426	450250	458534	454000	457376	469853	467649	451974	450697	438761	435795	437696
2	43	468294	450701	431471	413761	405879	397978	388590	395285	423445	442965	443713	442007	441521	437799	447416	447328	450152	458430	453900	457274	469742	467540	451881	450605	438682	435718
2	44	456973	468477	450709	431417	413715	405773	397849	388439	395130	423268	442770	443522	441822	441340	437624	447234	447150	449973	458244	453720	457091	469548	467349	451708	450432	438520
2	45	469255	457087	468397	450579	431303	413563	405602	397660	388267	394954	423068	442552	443307	441614	441135	437427	447028	446947	449768	458032	453517	456886	469329	467131	451506	450234
2	46	469484	469230	456925	468163	450362	431064	413324	405349	397424	388048	394731	422819	442285	443044	441357	440881	437180	446774	446695	449516	457771	453261	456630	469058	466863	451256
2	47	474129	469373	468984	456648	467866	450053	430765	413031	405074	397168	387810	394490	422546	441992	442754	441074	440602	436910	446494	446417	449237	457482	452980	456345	468758	466565
2	48	476499	473954	469079	468653	456333	467501	449702	430426	412729	404791	396902	387565	394240	422264	441688	442453	440780	440311	436626	446201	446125	448946	457180	452684	456045	468441
2	49	480520	476263	473599	468702	468273	455951	467085	449303	430069	412410	404492	396621	387307	393976	421963	441362	442129	440465	439998	436322	445885	445810	448628	456853	452364	455720
2	50	475802	480232	475869	473184	468293	467842	455530	466634	448895	429705	412087	404191	396340	387048	393711	421659	441031	441797	440142	439678	436011	445560	445487	448299	456513	452032
2	51	465288	475427	479741	475364	472683	467781	467319	455022	466117	448425	429280	411706	403832	396003	386735	393390	421290	440633	441401	439753	439292	435634	445167	445096	447902	456103
2	52	454042	464781	474806	479086	474722	472027	467128	466660	454405	465484	447842	428748	411219	403367	395563	386319	392966	420815	440122	440891	439249	438792	435143	444657	444588	447389
2	53	438923	453395	464022	474007	478277	473912	471220	466325	465872	453660	464725	447136	428095	410614	402785	395007	385788	392425	420218	439486	440255	438619	438165	434527	444020	443951
2	54	421507	438178	452532	463116	473077	477328	472972	470284	465415	464979	452812	463860	446324	427343	409913	402109	394356	385167	391791	419520	438745	439514	437883	437432	433805	443274
2	55	412983	420721	437266	451569	462128	472052	476290	471947	469282	464442	464020	451900	462930	445452	426532	409160	401382	393652	384494	391106	418763	437942	438708	437082	436636	433017
2	56	403713	412099	419745	436232	450493	461015	470908	475131	470821	468180	463369	462963	450892	461901	444486	425630	408317	400568	392867	383740	390336	417915	437041	437806	436184	435741
2	57	389635	402687	410988	418605	435039	449250	459738	469598	473824	469547	466932	462153	461762	449744	460725	443380	424593	407343	399625	391953	382859	389438	416931	436000	436761	435145
2	58	375852	388499	401459	409731	417325	433702	447862	458313	468157	472391	468148	465558	460811	460434	448473	459425	442150	423438	406257	398569	390928	381870	388429	415827	434834	435590
2	59	363134	374651	387214	400121	408370	415938	432254	446360	456790	466615	470851	466645	464082	459367	459005	447102	458021	440823	422191	405082	397428	389819	380800	387335	414629	433566
2	60	364896	361766	373213	385726	398583	406804	414346	430597	444664	455070	464872	469109	464940	462404	457723	457377	445535	456418	439300	420755	403723	396102	388528	379548	386058	413241
2	61	360037	363293	360188	371586	384051	396856	405047	412563	428759	442781	453160	462935	467173	463042	460531	455886	455554	443778	454622	437587	419133	402185	394599	387062	378124	384605
2	62	351210	358353	361604	358534	369881	382288	395036	403197	410699	426835	440806	451152	460899	465134	461043	458559	453948	453630	441923	452721	435779	417421	400560	393014	385514	376622
2	63	354230	349417	356538	359784	356749	368042	380388	393074	401215	408700	424770	438685	448993	458706	462938	458886	456430	451856	451551	439917	450662	433818	415564	398794	391291	383831
2	64	362424	352179	347439	354531	357773	354773	366003	378287	390921	399037	406503	422498	436352	446618	456293	460517	456507	454078	449540	449248	437692	448382	431638	413494	396824	389364
2	65	370569	360026	349919	345240	352300	355539	352576	363742	375969	388545	396632	404075	419989	433774	443992	453624	457837	453870	451469	446969	446687	435212	445841	429205	411180	394616
2	66	390854	367744	357391	347397	342785	349814	353045	350122	361233	373398	385908	393961	401377	417201	430912	441075	450660	454858	450934	448561	444101	443829	432439	442999	426478	408580
2	67	422532	387510	364750	354531	344657	340116	347109	350335	347465	358512	370608	383045	391061	398444	414169	427796	437898	447426	451608	447728	445383	440963	440701	429401	439885	423490
2	68	327926	418490	384010	361522	351445	341700	337233	344185	347414	344600	355578	367596	379945	387911	395256	410868	424403	434437	443899	448061	444227	441910	437532	437278	426075	436472
2	69	319014	324451	414212	380172	357976	348051	338443	334052	340972	344204	341445	352343	364262	376505	384421	391722	407209	420638	430597	439987	444125	440336	438047	433713	433463	422367
2	70	317850	315195	320772	409550	375979	354093	344325	334864	330562	337443	340673	337974	348770	360577	372720	380577	387828	403177	416487	426360	435669	439775	436036	433774	429487	429243
2	71	298903	313611	311228	316805	404526	371450	349895	340295	330995	326787	333622	336847	334201	344893	356591	368623	376413	383605	398801	411980	421757	430976	435046	431356	429123	424881
2	72	269362	294452	309209	306945	312519	399100	366553	345349	335935	326803	322693	329474	332693	330107	340691	352267	364176	371890	379016	394044	407078	416747	425864	429890	426253	424047
2	73	244678	264895	289846	304463	302324	307890	393239	361257	340431	331213	322258	318248	324968	328173	325650	336113	347557	359326	366956	374007	388848	401720	411267	420268	424244	420662
2	74	252632	240168	260295	284899	299362	297348	302899	386920	355543	335117	326108	317338	313432	320083	323272	320812	331138	342435	354048	361582	368546	383180	395872	405284	414157	418075
2	75	250767	247402	235508	255336	279563	293851	291969	297497	380084	349353	329354	320564	311988	308192	314762	317929	315535	325711	336841	348280	355705	362571	376975	389468	398727	407456
2	76	243576	244943	242023	230492	249996	273811	287907	286156	291659	372690	342649	323103	314542	306173	302490	308967	312104	309780	319788	330733	341979	349281	356035	370181	382455	391543
2	77	232435	237204	238955	236230	225082	244228	267592	281471	279859	285326	364664	335362	316301	307979	299831	296266	302639	305737	303481	313302	324041	335072	342236	348863	362724	374752
2	78	222261	225570	230666	232512	229987	219243	237992	260862	274500	273028	278450	355941	327431	308889	300821	292906	289461	295715	298769	296584	306195	316702	327494	334502	340986	354531
2	79	211358	214818	218534	223637	225572	223252	212932	231245	253572	266939	265609	270969	346449	318787	300801	293003	285335	282016	288133	291133	289023	298400	308647	319173	326004	332329
2	80	196703	203304	207204	210976	216074	218094	215979	206104	223939	245669	258732	257544	262829	336111	309361	291969	284456	277050	273863	279825	282761	280724	289841	299802	310029	316662
2	81	187790	188174	195109	199062	202877	207951	210045	208140	198736	216045	237118	249839	248791	253982	324869	299094	282341	275129	268002	264951	270738	273598	271635	280462	290104	300002
2	82	182572	178517	179539	186382	190371	194215	199247	201404	199709	190797	207528	227880	240217	239308	244384	312668	287939	271865	264970	258137	255228	260818	263589	261704	270211	279500
2	83	173687	172327	169201	170406	177132	181136	184994	189964	192174	190686	182287	198383	217946	229856	229083	234021	299479	275866	260518	253956	247435	244672	250042	252708	250902	259055
2	84	162214	162611	162095	159403	160774	167353	171354	175200	180087	182333	181049	173184	188583	207287	218725	218081	222858	285258	262837	248258	242043	235851	233237	238364	240911	239185
2	85	145959	150457	151623	151393	149131	150655	157055	161027	164842	169617	171882	170796	163483	178126	195896	206809	206289	210878	269983	248825	235063	229212	223364	220904	225761	228176
2	86	130835	133952	138900	140232	140272	138431	140087	146273	150191	153947	158581	160844	159948	153200	167025	183788	194124	193716	198089	253668	233840	220938	215467	209980	207675	212240
2	87	118553	118638	122271	127033	128505	128797	127360	129121	135061	138895	142562	147021	149260	148543	142370	155315	170997	180705	180401	184530	236350	217922	205921	200842	195730	193587
2	88	106998	106054	106923	110413	114956	116539	117056	116002	117843	123498	127214	130762	135013	137204	136652	131062	143068	157598	166631	166414	170272	218127	201155	190092	185416	180692
2	89	93950	94273	94220	95186	98506	102798	104460	105173	104473	106360	111690	115254	118649	122661	124774	124372	119365	130381	143698	152010	151867	155427	199138	183669	173575	169309
2	90	82630	81381	82420	82542	83575	86694	90701	92406	93277	92894	94795	99762	103140	106349	110088	112098	111826	107395	117379	129435	136985	136902	140141	179573	165636	156534
2	91	72032	70245	69904	70936	71199	72268	75157	78849	80558	81546	81438	83318	87886	91043	94033	97472	99352	99189	95319	104242	115005	121765	121727	124625	159706	147313
2	92	62358	59987	59178	59009	60008	60376	61444	64080	67429	69105	70167	70285	72106	76248	79154	81896	85008	86735	86658	83326	91178	100636	106591	106582	109129	139852
2	93	52393	50759	49465	48895	48859	49800	50235	51271	53634	56622	58225	59317	59610	61335	65029	67658	70129	72896	74449	74438	71615	78401	86569	91718	91723	93919
2	94	39318	41597	40892	39928	39551	39611	40473	40941	41915	43992	46609	48104	49183	49599	51196	54432	56765	58947	61359	62727	62757	60406	66159	73075	77438	77448
2	95	24889	30386	32683	32194	31501	31272	31394	32161	32632	33518	35305	37550	38909	39936	40426	41869	44647	46673	48560	50618	51791	51846	49923	54697	60428	64044
2	96	16903	18700	23245	25060	24738	24258	24137	24292	24954	25400	26184	27686	29570	30771	31715	32234	33504	35839	37558	39153	40867	41847	41912	40368	44238	48880
2	97	13102	12326	13918	17334	18733	18535	18214	18168	18332	18887	19288	19959	21192	22736	23768	24606	25116	26205	28122	29546	30860	32253	33049	33112	31896	34958
2	98	10008	9262	8912	10087	12586	13636	13524	13321	13320	13477	13927	14273	14829	15815	17048	17910	18629	19101	20009	21544	22694	23749	24850	25477	25532	24593
2	99	7155	6847	6496	6265	7108	8887	9652	9596	9475	9497	9636	9989	10277	10722	11489	12446	13144	13742	14158	14893	16090	16994	17817	18663	19142	19184
2	100	4888	4728	4650	4420	4275	4860	6089	6632	6609	6541	6573	6689	6956	7185	7530	8108	8832	9379	9860	10209	10785	11693	12383	13006	13636	13991
2	101	3126	3110	3101	3056	2912	2823	3218	4039	4411	4408	4373	4404	4497	4692	4866	5123	5546	6077	6491	6863	7144	7581	8248	8758	9215	9670
2	102	1837	1910	1965	1963	1939	1851	1799	2057	2587	2833	2838	2822	2849	2919	3057	3183	3369	3665	4041	4345	4621	4838	5157	5633	5998	6320
2	103	1071	1058	1144	1178	1179	1168	1118	1089	1248	1573	1727	1736	1730	1750	1800	1892	1980	2107	2305	2558	2770	2966	3124	3346	3670	3918
2	104	613	577	595	644	666	667	663	636	621	714	901	994	1001	1000	1015	1047	1104	1161	1243	1370	1531	1671	1802	1910	2058	2266
2	105 - 109	692	614	595	595	623	650	668	675	666	653	700	825	946	1007	1041	1066	1096	1147	1208	1292	1415	1581	1759	1942	2112	2300
2	110 and over	14	10	9	9	8	8	8	8	8	8	8	8	8	9	9	9	11	13	15	16	16	17	18	19	22	25
