Sex	Age	2014	2015	2016	2017	2018	2019	2020	2021	2022	2023	2024	2025	2026	2027	2028	2029	2030	2031	2032	2033	2034	2035	2036	2037	2038	2039
1	0	398997	397266	402254	406824	411228	414836	417913	420520	422968	424786	425702	425970	425688	425422	425397	425417	425564	425924	426528	427452	428732	430436	432550	435060	437920	440981
1	1	410138	401419	399608	404409	408988	413252	416813	419849	422458	424912	426736	427655	427929	427650	427388	427368	427392	427544	427907	428513	429439	430722	432429	434546	437057	439918
1	2	424084	413139	404301	402287	407087	411509	415720	419229	422268	424879	427333	429160	430078	430355	430077	429816	429798	429822	429975	430340	430946	431873	433157	434864	436983	439495
1	3	418717	426810	415769	406734	404723	409371	413742	417906	421415	424453	427067	429522	431351	432269	432547	432268	432009	431990	432015	432170	432534	433142	434069	435352	437060	439179
1	4	410610	421206	429240	417996	408972	406807	411410	415734	419900	423410	426447	429061	431517	433349	434267	434547	434268	434011	433991	434015	434172	434535	435144	436073	437355	439063
1	5	406814	412793	423359	431192	419964	410793	408587	413149	417473	421639	425151	428188	430803	433258	435092	436008	436290	436011	435755	435735	435759	435916	436281	436888	437817	439099
1	6	410302	408621	414593	424976	432825	421464	412258	410016	414579	418904	423071	426583	429620	432236	434691	436527	437441	437724	437447	437191	437173	437197	437352	437719	438327	439255
1	7	397054	411918	410240	416046	426445	434171	422779	413543	411301	415864	420190	424357	427870	430906	433522	435979	437814	438729	439011	438735	438478	438461	438486	438640	439007	439617
1	8	388063	398609	413460	411633	417449	427735	435431	424009	414776	412534	417096	421423	425589	429105	432140	434755	437214	439048	439964	440246	439971	439714	439697	439722	439877	440244
1	9	373006	389559	400084	414793	412976	418685	428941	436608	425187	415955	413714	418275	422603	426768	430285	433320	435936	438395	440228	441145	441428	441153	440896	440879	440905	441061
1	10	366463	374517	391041	401432	416151	414234	419913	430140	437807	426387	417155	414915	419476	423804	427970	431487	434522	437138	439599	441430	442347	442630	442356	442101	442084	442110
1	11	356301	368046	376060	392457	402852	417475	415531	421180	431407	439075	427656	418425	416185	420747	425074	429240	432758	435793	438409	440871	442702	443619	443902	443628	443374	443357
1	12	350571	357882	369574	377474	393871	404178	418773	416800	422450	432677	440346	428928	419699	417458	422022	426348	430513	434032	437068	439684	442146	443977	444894	445178	444903	444650
1	13	359210	352163	359401	370991	378888	395204	405483	420051	418077	423729	433955	441625	430209	420983	418742	423307	427635	431800	435318	438354	440970	443434	445264	446181	446464	446190
1	14	370466	360900	353769	360906	372493	380312	396598	406846	421417	419442	425095	435321	442992	431576	422351	420113	424677	429004	433171	436689	439725	442341	444807	446637	447556	447840
1	15	382196	372677	362955	355723	362845	374349	382130	398376	408624	423195	421224	426877	437102	444774	433360	424137	421900	426465	430794	434961	438479	441516	444132	446598	448428	449347
1	16	387348	384932	375186	365356	358101	365132	376586	384317	400562	410811	425381	423412	429065	439290	446962	435552	426333	424097	428661	432992	437159	440677	443715	446331	448797	450628
1	17	399339	390621	387899	378039	368173	360825	367794	379185	386917	403162	413411	427979	426015	431668	441894	449566	438159	428944	426711	431275	435607	439774	443292	446330	448947	451414
1	18	403292	404026	394895	391993	382085	372073	364636	371520	382911	390643	406886	417137	431704	429743	435396	445624	453297	441894	432682	430451	435015	439347	443516	447035	450073	452690
1	19	405326	410753	410902	401434	398465	388292	378139	370569	377455	388846	396580	412823	423073	437640	435682	441335	451563	459236	447840	438631	436403	440968	445299	449469	452989	456027
1	20	423227	415204	419839	419501	409940	406583	396205	385861	378297	385186	396578	404312	420555	430805	445371	443417	449071	459300	466972	455582	446378	444152	448719	453048	457220	460739
1	21	425645	434196	425224	429304	428827	418820	415211	404592	394259	386701	393592	404987	412719	428962	439211	453775	451825	457479	467708	475382	463996	454798	452574	457143	461472	465646
1	22	439175	437864	445304	435719	439627	438647	428346	424456	413845	403524	395973	402865	414261	421994	438233	448484	463046	461101	466755	476983	484657	473278	464084	461863	466432	470761
1	23	456389	452159	449631	456410	446634	450001	448697	438088	434206	423605	413293	405748	412642	424037	431770	448008	458259	472819	470879	476533	486761	494434	483063	473872	471654	476225
1	24	449824	468593	463206	460022	466605	456298	459339	457724	447127	443250	432659	422356	414818	421712	433107	440840	457076	467326	481885	479949	485605	495830	503505	492138	482953	480736
1	25	441752	459842	477647	471631	468280	474339	463736	466487	464879	454292	450421	439839	429545	422015	428910	440305	448037	464271	474521	489077	487144	492801	503024	510700	499338	490160
1	26	444147	450055	467332	484531	478361	474525	480301	469435	472191	470591	460012	456148	445573	435289	427764	434660	446057	453789	470018	480270	494821	492893	498552	508773	516448	505090
1	27	430783	451751	456928	473629	490673	484047	479950	485473	474619	477379	475785	465215	461360	450792	440519	432999	439894	451291	459024	475249	485501	500049	498123	503783	514003	521678
1	28	439328	437637	457932	462576	479137	495743	488878	484553	490079	479234	482001	480414	469853	466003	455446	445181	437668	444564	455957	463692	479914	490164	504710	502786	508448	518666
1	29	440748	445607	443297	463098	467615	483776	500144	493069	488755	494284	483451	486222	484641	474090	470247	459698	449443	441935	448836	460226	467960	484178	494425	508971	507048	512712
1	30	428719	445415	449809	447069	466757	470922	486881	503054	495988	491685	497217	486394	489171	487597	477057	473221	462680	452435	444932	451834	463224	470956	487172	497417	511959	510038
1	31	431951	431885	448248	452263	449439	468807	472808	488597	504768	497712	493418	498954	488143	490925	489357	478827	474998	464468	454233	446738	453639	465027	472758	488970	499212	513751
1	32	430780	434693	434365	450351	454295	451182	470389	474243	490027	506194	499147	494865	500404	489604	492389	490830	480311	476488	465968	455744	448256	455158	466543	474274	490479	500719
1	33	435537	432936	436675	435993	451915	455575	452330	471395	475254	491032	507193	500157	495886	501427	490641	493429	491874	481367	477552	467041	456831	449350	456252	467633	475364	491564
1	34	436154	437364	434649	438043	437326	452966	456499	453141	472198	476059	491835	507986	500961	496699	502242	491469	494262	492713	482218	478411	467911	457711	450241	457142	468519	476249
1	35	419401	437650	438777	435752	439117	438153	453676	457104	453755	472802	476665	492435	508578	501565	497312	502856	492098	494895	493353	482870	479069	468582	458395	450936	457836	469208
1	36	391384	420578	438742	439599	436551	439704	438649	454070	457498	454160	473193	477057	492821	508953	501953	497711	503255	492511	495313	493777	483309	479516	469043	458869	451420	458321
1	37	386312	392432	421536	439428	440261	437024	440090	438956	454366	457795	454466	473487	477351	493108	509228	502239	498011	503554	492825	495630	494101	483649	479865	469407	459248	451809
1	38	392139	387269	393323	422163	440012	440668	437357	440345	439217	454617	458048	454728	473733	477598	493345	509455	502479	498262	503804	493094	495903	494379	483946	480171	469729	459584
1	39	399506	393006	388082	393923	422703	440366	440947	437573	440562	439442	454828	458262	454951	473938	477807	493541	509638	502676	498472	504015	493323	496136	494620	484204	480440	470016
1	40	405724	399815	393301	388198	394009	422602	440172	440691	437329	440320	439208	454578	458014	454714	473684	477555	493277	509360	502414	498221	503764	493093	495909	494403	484004	480250
1	41	424493	405525	399624	392962	387845	393521	422013	439500	440025	436674	439670	438565	453920	457357	454070	473019	476891	492601	508670	501742	497562	503104	492453	495273	493777	483399
1	42	442516	424267	405319	399290	392618	387399	393012	421406	438873	439405	436066	439064	437968	453307	456746	453471	472401	476276	491971	508023	501112	496948	502491	491862	494687	493200
1	43	454033	442234	424004	404968	398928	392169	386911	392467	420820	438264	438803	435479	438481	437395	452718	456157	452895	471806	475681	491363	507401	500508	496358	501902	491296	494126
1	44	444445	453685	441896	423592	404572	398458	391667	386377	391932	420244	437667	438214	434904	437909	436834	452141	455584	452333	471224	475102	490769	506792	499919	495781	501328	490745
1	45	455317	444417	453585	441735	423449	404397	398253	391437	386169	391722	419992	437391	437950	434655	437665	436601	451890	455339	452099	470971	474852	490503	506510	499658	495535	501082
1	46	455778	455471	444529	453609	441765	423464	404415	398251	391459	386214	391766	419994	437370	437940	434660	437677	436626	451898	455351	452126	470975	474858	490495	506485	499654	495547
1	47	464071	455781	455424	444450	453495	441631	423341	404305	398168	391402	386181	391734	419919	437273	437854	434591	437614	436577	451833	455288	452080	470908	474792	490416	506388	499578
1	48	461610	463902	455590	455188	444230	453215	441358	423085	404109	398000	391264	386068	391623	419762	437095	437688	434442	437472	436449	451689	455147	451957	470762	474648	490255	506210
1	49	465864	461311	463562	455237	454832	443872	452816	440972	422763	403848	397768	391063	385895	391452	419544	436855	437463	434234	437272	436263	451485	454948	451776	470556	474446	490034
1	50	461541	465237	460698	462916	454618	454197	443255	452167	440374	422232	403383	397334	390661	385521	391081	419124	436413	437035	433825	436870	435876	451080	454547	451392	470145	474040
1	51	453132	460555	464274	459738	461956	453672	453251	442337	451250	439512	421438	402659	396644	390006	384894	390457	418450	435713	436348	433160	436211	435232	450416	453888	450752	469477
1	52	444765	451977	459426	463123	458617	460820	452565	452147	441294	450207	438527	420528	401822	395842	389239	384158	389722	417661	434897	435544	432379	435438	434474	449637	453113	449998
1	53	430028	443504	450748	458169	461867	457378	459580	451357	450973	440185	449096	437477	419556	400926	394986	388419	383372	388936	416815	434022	434682	431542	434608	433662	448798	452280
1	54	412989	428646	442135	449352	456764	460453	455992	458197	450035	449685	438964	447874	436319	418481	399934	394033	387506	382494	388059	415872	433047	433721	430606	433678	432751	447859
1	55	403877	411478	427142	440584	447793	455185	458876	454448	456683	448586	448268	437618	446524	435042	417292	398834	392974	386491	381514	387078	414820	431958	432648	429560	432639	431731
1	56	394739	402234	409883	425493	438898	446096	453474	457171	452803	455065	447039	446757	436182	445082	433675	416020	397658	391842	385406	380466	386028	413692	430789	431495	428436	431523
1	57	380158	392937	400489	408126	423682	437046	444233	451600	455323	451019	453308	445355	445111	434616	443509	432182	414628	396367	390596	384210	379312	384872	412452	429503	430228	427198
1	58	366613	378126	390945	398483	406107	421609	434927	442103	449478	453228	448989	451309	443432	443227	432816	441703	430458	413014	394863	389142	382806	377950	383511	410995	427997	428742
1	59	352170	364338	375906	388680	396207	403820	419262	432534	439717	447100	450876	446708	449056	441262	441098	430775	439652	428498	411169	393134	387468	381185	376373	381934	409317	426264
1	60	351859	349792	362014	373535	386262	393774	401374	416751	429993	437184	444571	448372	444276	446657	438950	438827	428598	437463	426406	409200	391287	385679	379452	374690	380246	407519
1	61	347724	349279	347379	359546	371020	383691	391189	398771	414097	427303	434500	441892	445719	441699	444111	436495	436416	426287	435137	424179	407104	389323	383775	377608	372898	378450
1	62	336380	344931	346639	344795	356904	368325	380938	388421	396004	411276	424441	431642	439037	442891	438950	441393	433872	433835	423815	432649	421796	404858	387217	381731	375628	370973
1	63	338723	333516	342162	343901	342118	354164	365532	378084	385570	393149	408361	421483	428685	436082	439961	436101	438577	431155	431163	421254	430070	419328	402537	385043	379624	373588
1	64	344106	335569	330615	339228	340999	339282	351259	362572	375075	382561	390137	405281	418356	425557	432953	436857	433082	435590	428272	428326	418534	427329	416703	400068	382729	377380
1	65	353019	340512	332307	327465	336043	337846	336196	348102	359374	371824	379305	386877	401947	414968	422168	429559	433488	429802	432340	425133	425234	415564	424335	413832	397361	380189
1	66	370692	348966	336889	328851	324129	332668	334502	332924	344772	355994	368387	375860	383423	398414	411376	418572	425958	429911	426315	428886	421792	421943	412402	421143	410772	394474
1	67	401134	365949	344851	333019	325160	320564	329063	330937	329445	341230	352397	364726	372189	379740	394644	407541	414729	422106	426083	422580	425184	418212	418410	409008	417716	407483
1	68	308634	395286	361051	340362	328789	321118	316653	325109	327035	325636	337351	348456	360696	368126	375660	390467	403290	410468	417833	421831	418430	421066	414221	414472	405216	413889
1	69	297414	303629	389302	355742	335483	324181	316707	312381	320803	322781	321476	333111	344112	356232	363644	371160	385858	398598	405763	413112	417132	413836	416507	409796	410101	401002
1	70	296179	292016	298544	382900	350050	330242	319223	311956	307788	316170	318202	316997	328502	339387	351421	358808	366302	380881	393529	400676	408004	412044	408858	411560	404995	405359
1	71	273379	290140	286544	293094	376050	343945	324613	313893	306855	302850	311185	313270	312146	323535	334334	346273	353632	361098	375547	388096	395221	402523	406580	403512	406244	399828
1	72	242111	267183	284077	280726	287292	368757	337437	318601	308204	301401	297568	305849	307987	306966	318251	328957	340788	348114	355547	369854	382292	389391	396663	400735	397788	400551
1	73	216089	236072	261031	277706	274603	281181	361068	330568	312262	302200	295640	291984	300204	302393	301479	312649	323253	334967	342253	349644	363795	376110	383176	390414	394500	391679
1	74	222378	210208	230133	254619	271057	268207	274790	353003	323367	305615	295901	289594	286120	294270	296511	295704	306746	317236	328821	336060	343405	357385	369565	376592	383789	387885
1	75	218365	215674	204379	223900	247880	264059	261468	268046	344490	315756	298579	289226	283182	279896	287965	290255	289561	300463	310827	322270	329451	336742	350537	362570	369550	376700
1	76	210403	211032	209008	198231	217318	240761	256658	254327	260893	335466	307672	291091	282111	276338	273246	281225	283562	282984	293729	303954	315243	322360	329588	343180	355051	361976
1	77	196229	202523	203763	201991	191742	210369	233239	248827	246760	253304	325889	299077	283118	274526	269032	266138	274017	276397	275937	286511	296584	307700	314745	321901	335272	346966
1	78	183406	188017	194730	196128	194611	184906	203037	225294	240549	238745	245253	315724	289940	274627	266437	261234	258542	266309	268730	268387	278775	288680	299608	306573	313643	326773
1	79	171366	174839	179959	186605	188151	186886	177738	195338	216941	231829	230291	236749	304972	280260	265621	257846	252944	250461	258099	260560	260336	270517	280240	290959	297831	304806
1	80	154878	162393	166449	171569	178130	179816	178797	170219	187254	208158	222646	221368	227760	293594	270001	256063	248717	244123	241853	249349	251844	251740	261701	271222	281710	288476
1	81	143293	145761	153636	157736	162838	169294	171107	170333	162337	178766	198918	212972	211952	218257	281554	259127	245919	239016	234742	232690	240027	242547	242569	252284	261579	271814
1	82	134979	133809	136924	144597	148723	153785	160111	162039	161505	154101	169882	189231	202810	202044	208240	268843	247629	235181	228734	224788	222956	230116	232659	232805	242251	251298
1	83	122881	124913	124662	127847	135290	139419	144417	150590	152618	152314	145509	160596	179087	192150	191630	197696	255446	235493	223828	217851	214239	212631	219596	222156	222422	231571
1	84	109047	112550	115280	115332	118561	125744	129850	134760	140751	142863	142776	136576	150924	168505	181009	180725	186636	241376	222722	211865	206370	203096	201717	208464	211027	211411
1	85	94562	98746	102781	105561	105891	109136	116027	120084	124878	130661	132835	132949	127351	140919	157536	169437	169375	175105	226689	209370	199339	194331	191404	190250	196755	199310
1	86	81066	84542	89120	93034	95833	96413	99643	106210	110187	114836	120381	122595	122891	117889	130636	146242	157496	157640	163159	211447	195493	186300	181788	179207	178272	184512
1	87	70907	71451	75292	79621	83384	86168	86965	90148	96361	100227	104701	109978	112206	112666	108250	120135	134683	145252	145583	150864	195730	181161	172819	168800	166557	165835
1	88	60111	61523	62715	66303	70356	73939	76676	77650	80757	86583	90307	94574	99556	101770	102370	98521	109515	122966	132813	133307	138323	179675	166499	159006	155469	153557
1	89	49450	51262	53138	54353	57670	61426	64801	67456	68566	71561	76976	80527	84558	89218	91390	92106	88798	98875	111204	120299	120928	125652	163431	151636	144981	141913
1	90	40666	41376	43495	45244	46451	49482	52921	56062	58602	59808	62660	67639	70985	74753	79068	81170	81972	79176	88322	99510	107830	108568	112979	147158	136714	130877
1	91	32830	33325	34429	36319	37926	39096	41827	44936	47819	50214	51471	54149	58675	61789	65269	69220	71227	72084	69764	77976	88018	95547	96367	100442	131025	121894
1	92	26423	26310	27155	28151	29810	31259	32367	34791	37560	40169	42389	43657	46134	50194	53053	56226	59798	61685	62568	60682	67967	76872	83609	84481	88198	115236
1	93	20496	20667	20958	21704	22584	24016	25297	26321	28434	30863	33185	35208	36446	38701	42293	44879	47731	50915	52660	53542	52045	58421	66217	72168	73058	76406
1	94	14103	15612	16061	16341	16984	17745	18955	20066	20988	22799	24890	26921	28728	29905	31920	35049	37349	39872	42667	44254	45109	43953	49454	56180	61359	62241
1	95	8188	10436	11811	12189	12446	12986	13629	14630	15570	16379	17900	19666	21408	22990	24076	25843	28521	30532	32724	35137	36551	37357	36495	41167	46876	51312
1	96	5076	5873	7666	8705	9014	9239	9682	10211	11020	11797	12487	13736	15195	16657	18011	18986	20503	22753	24475	26345	28390	29625	30367	29747	33644	38405
1	97	3628	3518	4181	5473	6236	6482	6672	7024	7447	8084	8708	9280	10282	11460	12658	13789	14641	15913	17764	19208	20769	22467	23525	24188	23763	26950
1	98	2517	2420	2417	2882	3784	4328	4517	4671	4942	5269	5757	6244	6703	7486	8412	9369	10290	11010	12050	13538	14720	15995	17374	18258	18834	18559
1	99	1643	1610	1599	1603	1918	2527	2902	3042	3161	3364	3609	3971	4339	4695	5289	5996	6739	7467	8056	8886	10051	10995	12011	13105	13823	14308
1	100	1011	1006	1023	1019	1024	1230	1627	1877	1976	2066	2212	2387	2648	2916	3184	3620	4145	4704	5263	5729	6372	7260	7994	8782	9627	10194
1	101	578	590	612	624	624	629	758	1007	1167	1236	1300	1401	1523	1703	1892	2085	2395	2772	3178	3594	3953	4434	5094	5647	6241	6874
1	102	304	322	342	356	364	365	370	447	599	697	743	786	853	934	1054	1182	1316	1529	1789	2076	2374	2640	2990	3464	3868	4303
1	103	161	159	177	189	198	203	204	208	253	341	398	427	455	498	549	626	709	800	940	1112	1308	1514	1704	1950	2279	2566
1	104	82	80	84	93	100	104	108	109	112	137	184	217	234	252	277	309	356	409	466	556	665	793	930	1061	1228	1447
1	105 - 109	73	67	68	70	75	82	87	91	95	100	116	148	182	206	229	256	291	337	390	454	544	661	806	980	1163	1380
1	110 and over	2	1	0	0	0	0	0	0	0	0	1	1	1	1	1	1	1	2	3	3	3	4	5	7	9	12
2	0	379368	378459	383209	387561	391752	395190	398117	400597	402923	404653	405522	405772	405499	405242	405211	405229	405366	405703	406280	407155	408373	409991	412006	414397	417115	420031
2	1	389551	381475	380506	385082	389438	393495	396893	399776	402258	404589	406323	407194	407449	407181	406927	406897	406919	407061	407400	407978	408856	410076	411697	413712	416106	418824
2	2	403951	392215	384043	382881	387454	391662	395669	399019	401903	404385	406717	408452	409323	409580	409313	409060	409031	409053	409196	409538	410116	410994	412215	413837	415852	418247
2	3	398986	406300	394497	386136	384980	389406	393567	397528	400878	403763	406246	408579	410314	411185	411443	411176	410925	410896	410919	411061	411404	411982	412860	414082	415706	417720
2	4	392241	401053	408325	396336	387986	386690	391073	395191	399152	402503	405389	407872	410205	411940	412811	413070	412803	412552	412524	412548	412690	413034	413612	414490	415712	417337
2	5	388490	394095	402889	409981	398004	389519	388182	392528	396647	400609	403958	406845	409329	411662	413397	414268	414527	414263	414011	413983	414008	414150	414494	415073	415952	417173
2	6	391280	390137	395734	404358	411462	399362	390840	389469	393814	397934	401897	405245	408134	410617	412952	414687	415559	415817	415552	415303	415275	415300	415442	415785	416364	417244
2	7	377729	392791	391654	397087	405725	412705	400575	392020	390649	394995	399115	403080	406426	409317	411800	414135	415869	416742	417002	416736	416487	416460	416485	416628	416971	417550
2	8	370572	379162	394228	392935	398382	406905	413855	401697	393141	391773	396119	400239	404204	407551	410441	412925	415261	416996	417868	418128	417862	417613	417586	417612	417755	418098
2	9	355814	371976	380547	395481	394198	399544	408040	414962	402806	394250	392883	397229	401349	405314	408662	411551	414035	416371	418107	418979	419240	418975	418726	418698	418724	418867
2	10	349411	357222	373358	381808	396747	395375	400692	409160	416083	403930	395373	394007	398354	402475	406440	409788	412677	415161	417497	419234	420106	420367	420102	419855	419827	419853
2	11	339211	350840	358619	374640	383095	397948	396554	401844	410312	417235	405085	396528	395163	399509	403631	407597	410946	413834	416319	418654	420391	421263	421525	421260	421013	420986
2	12	334246	340696	352275	359946	375969	384345	399171	397752	403044	411510	418434	406286	397730	396365	400711	404834	408800	412150	415038	417523	419858	421595	422467	422731	422465	422217
2	13	344292	335690	342086	353565	361240	377186	385537	400337	398919	404212	412678	419602	407455	398901	397536	401881	406004	409970	413320	416209	418696	421030	422767	423639	423904	423639
2	14	351786	345674	337011	343319	354795	362402	378322	386651	401451	400034	405328	413793	420718	408572	400020	398655	403000	407124	411089	414439	417328	419817	422150	423887	424760	425024
2	15	363542	353451	347243	338485	344787	356189	363764	379655	387982	402782	401365	406661	415125	422051	409905	401355	399991	404335	408460	412426	415774	418664	421155	423486	425224	426098
2	16	368365	365574	355323	349017	340243	346464	357824	365357	381249	389576	404375	402957	408255	416717	423645	411502	402954	401592	405935	410059	414026	417375	420264	422756	425086	426825
2	17	379140	370821	367804	357447	351110	342249	348418	359724	367257	383148	391474	406274	404857	410156	418617	425545	413405	404856	403497	407840	411964	415931	419280	422169	424662	426991
2	18	378465	383203	374476	371321	360904	354450	345506	351592	362898	370431	386321	394648	409447	408031	413330	421792	428720	416584	408035	406677	411020	415143	419111	422462	425350	427844
2	19	385249	385772	389744	380815	377542	366949	360351	351273	357358	368664	376196	392085	400412	415211	413796	419094	427557	434486	422351	413804	412448	416792	420916	424883	428234	431122
2	20	402761	394650	394153	397857	388764	385257	374468	367681	358607	364693	375999	383530	399419	407745	422541	421128	426427	434889	441819	429686	421140	419787	424131	428256	432222	435575
2	21	409355	412458	403263	402452	405967	396598	392862	381856	375072	365999	372087	383393	390924	406811	415138	429932	428520	433820	442283	449212	437081	428536	427184	431528	435654	439619
2	22	431579	420395	422235	412672	411632	414818	405180	401182	390182	383401	374329	380417	391723	399253	415138	423466	438258	436847	442147	450611	457540	445412	436869	435519	439862	443988
2	23	440935	443128	430612	432055	422252	420861	423752	413838	409843	398846	392068	382999	389087	400392	407922	423805	432134	446924	445515	450814	459277	466207	454081	445541	444192	448537
2	24	434269	450915	451947	439051	440275	430140	428478	431110	421201	417206	406217	399442	390373	396462	407766	415296	431177	439506	454293	452887	458186	466649	473580	461456	452918	451569
2	25	435179	442320	457998	458654	445563	446463	436078	434176	436809	426904	422908	411924	405153	396088	402176	413479	421009	436888	445218	460002	458597	463897	472357	479291	467170	458634
2	26	443113	441942	448261	463561	464039	450630	451294	440688	438787	441423	431521	427525	416546	409778	400716	406805	418105	425637	441514	449841	464626	463222	468522	476981	483914	471796
2	27	437852	449223	447340	453291	468436	468606	454985	455445	444846	442945	445583	435685	431691	420717	413950	404892	410982	422280	429810	445687	454013	468797	467394	472694	481152	488086
2	28	437743	443296	454058	451823	457645	472493	472469	458668	459128	448533	446635	449275	439381	435389	424420	417654	408600	414691	425986	433516	449390	457715	472499	471097	476398	484855
2	29	440382	442629	447650	458081	455734	461283	475948	475760	461966	462426	451837	449942	452582	442693	438703	427739	420976	411927	418017	429310	436840	452712	461034	475817	474416	479719
2	30	432642	444342	446186	450900	461239	458644	464042	478562	478376	464589	465051	454465	452574	455215	445329	441343	430385	423624	414579	420669	431961	439490	455360	463680	478462	477061
2	31	437664	435657	447077	448639	453286	463393	460675	465953	480470	480285	466505	466969	456389	454499	457144	447262	443280	432324	425570	416527	422619	433907	441436	457303	465623	480403
2	32	439217	440281	438053	449204	450715	455146	465139	462316	467593	482105	481924	468150	468618	458043	456156	458803	448925	444947	433997	427247	418208	424301	435584	443116	458978	467295
2	33	441807	441473	442363	439889	450994	452306	456638	466534	463715	468992	483499	483321	469554	470025	459456	457571	460220	450347	446373	435429	428683	419648	425744	437023	444555	460415
2	34	441724	443723	443259	443912	441408	452323	453546	457791	467684	464870	470147	484651	484475	470715	471189	460628	458745	461396	451531	447558	436620	429881	420849	426946	438222	445753
2	35	422382	443177	445089	444399	445026	442345	453176	454320	458568	468457	465647	470926	485425	485252	471500	471977	461422	459542	462196	452338	448369	437437	430703	421676	427773	439047
2	36	394082	423481	444179	445896	445177	445652	442898	453652	454796	459046	468933	466125	471406	485900	485730	471989	472467	461921	460043	462699	452847	448884	437958	431231	422210	428307
2	37	387352	395074	424377	444887	446574	445714	446122	443306	454058	455204	459453	469339	466534	471816	486306	486138	472407	472888	462351	460477	463134	453290	449332	438413	431691	422677
2	38	396798	388247	395892	425013	445483	447040	446115	446464	443652	454401	455552	459801	469685	466885	472166	486650	486487	472766	473251	462723	460853	463510	453677	449723	438811	432097
2	39	404756	397598	388982	396477	425552	445892	447390	446409	446763	443956	454700	455854	460105	469984	467192	472473	486952	486791	473081	473572	463054	461189	463844	454023	450076	439171
2	40	412848	405574	398347	389609	397075	426027	446298	447743	446768	447126	444326	455066	456222	460474	470350	467565	472845	487319	487163	473464	473957	463452	461592	464249	454437	450497
2	41	430838	413634	406297	398963	390213	397578	426459	446671	448118	447149	447510	444717	455453	456613	460866	470738	467961	473243	487708	487555	473872	474367	463874	462019	464678	454878
2	42	450342	431496	414259	406817	399474	390643	397960	426778	446977	448429	447465	447831	445046	455777	456941	461196	471065	468295	473577	488036	487887	474220	474719	464236	462388	465048
2	43	468294	450871	432001	414685	407234	399820	390963	398237	427032	447219	448675	447718	448089	445312	456040	457208	461464	471329	468567	473850	488300	488156	474505	475009	464539	462698
2	44	456973	468632	451197	432264	414957	407448	400007	391129	398403	427175	447350	448811	447861	448238	445469	456193	457367	461623	471486	468732	474017	488459	488319	474683	475192	464735
2	45	469255	457226	468845	451359	432439	415097	407567	400112	391250	398523	427271	447432	448899	447957	448341	445580	456302	457481	461738	471598	468852	474137	488571	488436	474817	475331
2	46	469484	469356	457330	468876	451405	432463	415120	407579	400142	391299	398571	427292	447440	448911	447978	448370	445619	456335	457521	461779	471635	468898	474185	488610	488481	474880
2	47	474129	469483	469350	457294	468819	451337	432402	415068	407546	400126	391305	398576	427270	447402	448879	447955	448355	445614	456324	457516	461776	471627	468901	474188	488604	488482
2	48	476499	474059	469414	469245	457204	468680	451212	432289	414993	407492	400090	391292	398562	427227	447342	448827	447910	448320	445589	456294	457493	461754	471600	468885	474173	488577
2	49	480520	476362	473921	469254	469083	457038	468484	451031	432152	414895	407416	400036	391260	398529	427163	447259	448753	447844	448264	445543	456242	457448	461710	471551	468848	474137
2	50	475802	480324	476174	473710	469052	468862	456830	468245	450836	432002	414789	407331	399975	391223	398490	427090	447166	448666	447767	448196	445489	456180	457394	461658	471492	468800
2	51	465288	475518	480037	475872	473415	468745	468548	456532	467941	450581	431794	414626	407197	399862	391137	398400	426962	447019	448524	447637	448076	445381	456065	457286	461551	471380
2	52	454042	464869	475094	479582	475430	472963	468297	468094	456119	467522	450214	431478	414358	406957	399646	390951	398211	426730	446763	448275	447398	447848	445169	455844	457072	461339
2	53	438923	453480	464305	474489	478974	474820	472355	467696	467513	455582	466976	449724	431043	413973	406602	399317	390654	397910	426384	446389	447909	447044	447504	444840	455505	456741
2	54	421507	438260	452805	463593	473753	478223	474080	471622	466991	466829	454945	466330	449135	430515	413501	406159	398904	390271	397524	425950	445923	447451	446601	447070	444423	455078
2	55	412983	420796	437526	452026	462790	472917	477376	473247	470819	466218	466080	454246	465619	448487	429931	412975	405664	398441	389845	397092	425464	445403	446942	446105	446587	443955
2	56	403713	412167	419992	436667	451128	461857	471959	476410	472317	469920	465352	465238	453457	464817	447752	429267	412372	405096	397906	389347	396587	424903	444805	446355	445532	446026
2	57	389635	402758	411227	419027	435652	450068	460766	470839	475302	471248	468883	464352	464261	452538	463883	446890	428479	411651	404412	397258	388739	395972	424226	444088	445647	444841
2	58	375852	388565	401691	410135	417916	434485	448858	459524	469588	474062	470050	467717	463227	463161	451498	462828	445915	427581	410824	403623	396508	388032	395256	423443	443262	444833
2	59	363134	374709	387432	400513	408934	416694	433205	447532	458187	468240	472722	468756	466459	462011	461970	450372	461685	444853	426604	409926	402765	395691	387262	394477	422590	442362
2	60	364896	361821	373418	386093	399130	407527	415267	431723	446016	456658	466699	471191	467273	465012	460608	460596	449067	460363	443616	425457	408862	401745	394714	386334	393541	421574
2	61	360037	363343	360384	371936	384562	397554	405926	413649	430062	444322	454945	464973	469475	465608	463384	459027	459045	447589	458864	442212	424149	407640	400570	393586	385256	392455
2	62	351210	358404	361794	358868	370377	382950	395893	404242	411957	428322	442546	453151	463162	467676	463861	461677	457369	457418	446040	457292	440739	422778	406364	399343	392408	384132
2	63	354230	349463	356732	360119	357231	368690	381209	394099	402437	410147	426458	440642	451228	461219	465746	461985	459843	455588	455668	444373	455599	439153	421301	404986	398018	391137
2	64	362424	352226	347629	354872	358261	355411	366818	379280	392128	400453	408156	424410	438550	449114	459087	463625	459921	457825	453622	453736	442529	453729	437394	419657	403450	396537
2	65	370569	360073	350116	345582	352798	356186	353379	364731	377150	389951	398260	405954	422147	436241	446777	456730	461279	457634	455589	451440	451591	440478	451648	435432	417817	401724
2	66	390854	367784	357582	347740	343273	350463	353856	351095	362402	374772	387525	395818	403500	419626	433668	444177	454106	458667	455085	453092	449003	449189	438177	449315	433225	415742
2	67	422532	387549	364936	354867	345150	340757	347919	351317	348617	359879	372193	384893	393167	400838	416888	430874	441353	451257	455829	452313	450373	446348	446571	435667	446770	430815
2	68	327926	418528	384202	361859	351936	342349	338036	345167	348581	345947	357156	369411	382043	390281	397939	413908	427833	438276	448151	452736	449290	447408	443451	443713	432925	443989
2	69	319014	324482	414407	380515	358464	348696	339250	335024	342134	345563	342999	354151	366318	378860	387075	394718	410596	424454	434858	444699	449297	445927	444105	440222	440525	429862
2	70	317850	315222	320939	409907	376477	354739	345138	335843	331717	338807	342250	339759	350824	362898	375369	383554	391179	406959	420744	431103	440908	445517	442229	440470	436668	437013
2	71	298903	313638	311395	317118	405060	372124	350718	341295	332170	328149	335213	338672	336246	347230	359226	371622	379777	387379	403051	416757	427068	436834	441452	438249	436556	432838
2	72	269362	294475	309376	307255	312984	399824	367416	346365	337137	328192	324284	331318	334792	332449	343360	355271	367586	375704	383282	398839	412457	422716	432438	437064	433954	432330
2	73	244678	264915	290010	304777	302788	308517	394172	362331	341666	332644	323890	320101	327101	330592	328335	339165	350984	363207	371286	378836	394266	407787	417987	427660	432294	429283
2	74	252632	240189	260451	285212	299836	297982	303709	388092	356857	336603	327802	319251	315587	322549	326054	323889	334629	346348	358471	366507	374025	389318	402730	412865	422483	427124
2	75	250767	247417	235660	255633	280033	294500	292787	298511	381530	350943	331125	322559	314222	310692	317613	321129	319061	329705	341316	353325	361313	368793	383937	397229	407290	416848
2	76	243576	244956	242179	230785	250444	274454	288749	287182	292902	374450	344555	325203	316886	308778	305389	312263	315792	313826	324361	335852	347739	355672	363108	378089	391249	401229
2	77	232435	237216	239119	236537	225526	244846	268431	282535	281126	286836	366794	337639	318785	310736	302871	299629	306450	309989	308133	318549	329907	341658	349528	356915	371715	384732
2	78	222261	225578	230841	232841	230461	219854	238806	261929	275823	274575	280271	358507	330147	311826	304056	296455	293371	300129	303679	301939	312220	323434	335036	342832	350163	364763
2	79	211358	214830	218712	223987	226083	223913	213737	232283	254906	268569	267488	273162	349529	322021	304272	296801	289481	286564	293250	296808	295192	305325	316377	327815	335528	342796
2	80	196703	203311	207394	211336	216614	218805	216853	207129	225237	247314	260720	259811	265453	339794	313202	296063	288911	281890	279152	285757	289319	287832	297802	308675	319930	327549
2	81	187790	188181	195304	199441	203437	208707	210988	209261	200019	217646	239126	252246	251514	257113	329257	303645	287161	280347	273645	271093	277608	281171	279823	289610	300284	311338
2	82	182572	178526	179741	186776	190959	194997	200244	202612	201115	192377	209480	230313	243112	242562	248106	317876	293309	277524	271070	264705	262350	268762	272320	271120	280706	291160
2	83	173687	172331	169419	170815	177743	181958	186025	191236	193682	192422	184210	200742	220869	233315	232948	238420	305631	282178	267136	261062	255054	252906	259201	262748	261701	271066
2	84	162214	162614	162320	159836	161405	168205	172435	176516	181675	184190	183165	175503	191417	210777	222831	222650	228033	292488	270218	255964	250289	244657	242726	248889	252419	251530
2	85	145959	150462	151866	151854	149799	151528	158173	162400	166481	171565	174137	173346	166253	181495	200029	211650	211652	216931	278429	257410	243987	238729	233492	231784	237800	241304
2	86	130835	133959	139155	140717	140978	139347	141220	147681	151885	155943	160930	163543	162982	156476	170994	188636	199784	199963	205117	263455	243753	231205	226380	221556	220077	225926
2	87	118553	118644	122526	127534	129235	129752	128533	130538	136786	140940	144951	149812	152449	152110	146203	159943	176630	187263	187611	192618	247598	229273	217638	213260	208863	207618
2	88	106998	106056	107170	110907	115700	117519	118271	117447	119557	125558	129635	133572	138281	140917	140791	135488	148401	164072	174144	174652	179487	230921	214024	203337	199413	195456
2	89	93950	94276	94462	95664	99229	103780	105690	106651	106195	108382	114099	118070	121903	126427	129040	129109	124411	136446	151046	160515	161168	165807	213528	198101	188384	184922
2	90	82630	81382	82656	83002	84265	87634	91913	93882	95019	94898	97129	102528	106357	110053	114361	116926	117169	113070	124185	137663	146488	147268	151684	195554	181623	172890
2	91	72032	70245	70130	71380	71857	73150	76299	80280	82271	83544	83716	85956	91002	94654	98182	102243	104731	105124	101606	111767	124085	132231	133115	137282	177204	164775
2	92	62358	59987	59393	59425	60632	61205	62497	65403	69060	71034	72401	72818	75026	79689	83131	86457	90242	92623	93140	90176	99362	110493	117932	118896	122788	158710
2	93	52393	50759	49666	49283	49431	50571	51207	52466	55108	58421	60338	61753	62361	64499	68752	71952	75044	78527	80775	81386	78940	87142	97075	103787	104804	108398
2	94	39318	41597	41078	40282	40070	40301	41355	42018	43217	45579	48534	50354	51770	52516	54544	58368	61298	64132	67290	69379	70051	68082	75305	84049	90028	91069
2	95	24889	30386	32848	32512	31962	31880	32161	33115	33773	34885	36958	39547	41237	42610	43439	45325	48708	51348	53904	56721	58629	59332	57788	64056	71641	76893
2	96	16903	18700	23375	25335	25140	24782	24793	25096	25936	26564	27566	29351	31579	33111	34403	35261	36978	39921	42257	44522	46995	48706	49411	48234	53590	60068
2	97	13102	12326	14005	17545	19069	18978	18762	18833	19133	19856	20431	21310	22816	24695	26050	27231	28074	29602	32116	34146	36115	38249	39755	40433	39567	44070
2	98	10008	9262	8973	10223	12838	13996	13972	13859	13961	14241	14846	15354	16105	17347	18897	20067	21116	21909	23237	25346	27074	28754	30560	31860	32492	31879
2	99	7155	6847	6544	6358	7265	9148	10006	10023	9976	10090	10338	10830	11263	11886	12887	14139	15122	16027	16744	17872	19606	21048	22450	23950	25049	25620
2	100	4888	4728	4689	4493	4377	5017	6337	6957	6995	6989	7098	7307	7697	8054	8556	9343	10330	11135	11892	12518	13452	14848	16025	17171	18391	19301
2	101	3126	3110	3129	3112	2989	2921	3361	4259	4696	4739	4756	4852	5021	5320	5605	5997	6598	7357	7998	8613	9138	9893	10991	11931	12846	13818
2	102	1837	1910	1984	2001	1996	1923	1886	2177	2772	3068	3110	3135	3215	3346	3568	3786	4083	4531	5098	5594	6078	6504	7098	7939	8672	9387
2	103	1071	1058	1155	1204	1217	1218	1178	1159	1344	1720	1912	1948	1974	2035	2132	2290	2449	2664	2985	3393	3762	4128	4460	4909	5533	6084
2	104	613	577	602	659	689	699	702	682	674	786	1010	1129	1157	1179	1222	1292	1398	1509	1657	1876	2157	2419	2685	2932	3259	3703
2	105 - 109	692	614	604	613	651	689	714	732	731	730	796	961	1119	1225	1296	1363	1445	1563	1707	1888	2140	2479	2860	3276	3708	4203
2	110 and over	14	10	9	9	9	8	8	8	9	9	9	10	11	11	12	13	19	22	25	28	30	34	37	44	54	69
