Sex	Age	2014	2015	2016	2017	2018	2019	2020	2021	2022	2023	2024	2025	2026	2027	2028	2029	2030	2031	2032	2033	2034	2035	2036	2037	2038	2039
1	0	398997	396929	401060	404512	407763	410190	412054	413445	414670	415288	415059	414239	412954	411754	410870	410121	409588	409350	409434	409915	410801	412148	413943	416154	418698	421427
1	1	410138	401265	398973	402917	406376	409489	411873	413696	415092	416323	416947	416727	415911	414632	413438	412562	411820	411290	411058	411147	411632	412522	413875	415673	417887	420435
1	2	424084	412970	403812	401315	405260	408564	411622	413955	415782	417178	418411	419034	418818	418003	416726	415535	414660	413920	413391	413162	413252	413738	414629	415982	417783	419997
1	3	418717	426648	415282	405925	403431	407227	410481	413493	415825	417653	419049	420285	420907	420694	419879	418603	417413	416539	415801	415274	415046	415137	415623	416516	417869	419671
1	4	410610	421059	428782	417213	407866	405220	408967	412177	415192	417525	419355	420751	421988	422611	422399	421585	420308	419118	418246	417508	416982	416755	416846	417333	418226	419581
1	5	406814	412656	422939	430464	418910	409418	406730	410436	413647	416663	418996	420826	422224	423459	424084	423872	423059	421785	420594	419723	418986	418460	418234	418325	418813	419705
1	6	410302	408501	414217	424320	431861	420175	410644	407924	411631	414843	417859	420194	422023	423423	424658	425284	425071	424259	422987	421795	420925	420188	419664	419439	419529	420019
1	7	397054	411814	409908	415458	425576	432995	421278	411717	408998	412705	415918	418935	421271	423100	424500	425736	426363	426150	425338	424067	422877	422007	421270	420747	420523	420613
1	8	388063	398510	413158	411103	416663	426669	434055	422311	412751	410033	413740	416953	419970	422307	424137	425537	426775	427402	427189	426378	425106	423918	423048	422312	421790	421567
1	9	373006	389462	399795	414301	412255	417708	427684	435042	423300	413741	411024	414731	417945	420962	423300	425130	426531	427768	428397	428185	427374	426103	424914	424045	423310	422786
1	10	366463	374425	390762	400962	415477	413332	418753	428704	436061	424322	414763	412047	415753	418968	421985	424325	426154	427557	428794	429422	429210	428400	427131	425941	425073	424338
1	11	356301	367958	375792	392001	402209	416626	414454	419847	429801	437156	425418	415860	413145	416851	420066	423086	425426	427255	428658	429896	430525	430313	429502	428234	427044	426178
1	12	350571	357798	369315	377034	393244	403365	417753	415554	420946	430902	438256	426519	416963	414249	417955	421171	424191	426532	428361	429764	431004	431632	431422	430610	429343	428153
1	13	359210	352079	359152	370564	378280	394410	404504	418864	416664	422059	432017	439370	427636	418080	415369	419074	422291	425311	427652	429481	430885	432126	432754	432545	431733	430466
1	14	370466	360816	353517	360489	371896	379536	395635	405699	420061	417861	423256	433215	440568	428837	419281	416573	420279	423496	426517	428860	430690	432095	433335	433965	433754	432944
1	15	382196	372571	362660	355260	362216	373541	381142	397203	407266	421630	419432	424826	434786	442140	430412	420858	418151	421858	425077	428096	430441	432272	433678	434918	435551	435340
1	16	387348	384795	374807	364790	357366	364231	375508	383059	399120	409182	423546	421352	426746	436708	444063	432339	422786	420082	423788	427010	430029	432375	434206	435615	436855	437489
1	17	399339	390444	387412	377312	367262	359740	366541	377757	385311	401371	411434	425797	423606	429003	438965	446321	434601	425052	422350	426056	429281	432301	434648	436479	437890	439132
1	18	403292	403762	394186	390974	380826	370631	363020	369734	380950	388505	404566	414629	428992	426804	432205	442167	449527	437809	428261	425566	429273	432499	435520	437867	439699	441112
1	19	405326	410321	409775	399862	396587	386170	375836	368093	374810	386026	393583	409643	419709	434071	431887	437289	447252	454615	442901	433359	430666	434375	437602	440626	442975	444809
1	20	423227	414551	418106	417074	407067	403402	392785	382256	374522	381242	392458	400018	416077	426145	440507	438328	443731	453694	461061	449351	439814	437125	440836	444066	447090	449441
1	21	425645	433352	422886	425886	424717	414264	410345	399489	388968	381244	387966	399182	406745	422802	432871	447233	445061	450465	460428	467798	456094	446563	443877	447588	450822	453847
1	22	439175	436863	442462	431386	434214	432543	421796	417596	406752	396239	388523	395248	406464	414029	430085	440156	454516	452350	457756	467719	475090	463395	453868	451186	454897	458134
1	23	456389	451041	446397	451339	440069	442358	440363	429308	425114	414283	403778	396071	402797	414015	421582	437635	447710	462069	459907	465315	475278	482650	470962	461442	458762	462475
1	24	449824	467447	459805	454511	459256	447454	449420	447115	436069	431882	421062	410565	402867	409593	420812	428382	444432	454509	468868	466711	472120	482083	489460	477774	468262	465583
1	25	441752	458720	474267	465998	460537	464761	452662	454339	452042	441006	436825	426016	415527	407838	414565	425784	433356	449405	459481	473841	471688	477099	487063	494444	482762	473257
1	26	444147	448974	464056	478997	470578	464631	468576	456214	457896	455608	444581	440408	429608	419127	411447	418174	429394	436967	453016	463093	477452	475302	480714	490679	498063	486387
1	27	430783	450740	453825	468335	483125	474248	468044	471736	459387	461074	458792	447776	443612	432820	422347	414674	421405	432624	440199	456246	466324	480684	478538	483951	493916	501303
1	28	439328	436695	455042	457597	471970	486324	477207	470778	474475	462138	463832	461556	450550	446394	435611	425148	417481	424216	435434	443012	459056	469134	483496	481352	486766	496732
1	29	440748	444732	440616	458470	460900	474876	488997	479669	473252	476955	464629	466329	464063	453066	448918	438145	427691	420032	426769	437988	445568	461610	471688	486049	483913	489328
1	30	428719	444630	447365	442823	460563	462646	476421	490351	481036	474629	478338	466025	467729	465473	454486	450347	439584	429140	421489	428227	439445	447029	463069	473147	487507	485376
1	31	431951	431176	446053	448409	443787	461209	463129	476738	490667	481366	474971	478683	466385	468096	465847	454872	450741	439988	429555	421913	428655	439870	447457	463494	473572	487932
1	32	430780	434044	432371	446875	449160	444252	461513	463289	476897	490824	481537	475154	478871	466587	468303	466065	455101	450978	440238	429817	422181	428925	440141	447731	463765	473844
1	33	435537	432348	434861	432835	447278	449279	444242	461363	463147	476753	490677	481405	475036	478755	466488	468209	465980	455030	450913	440186	429778	422151	428898	440114	447704	463738
1	34	436154	436834	433007	435176	433116	447275	449158	444008	461125	462915	476520	490439	481181	474826	478550	466299	468025	465805	454871	450760	440048	429654	422036	428786	440002	447591
1	35	419401	437176	437315	433182	435320	433020	447062	448844	443706	460817	462612	476215	490130	480887	474545	478274	466040	467773	465561	454644	450542	439844	429463	421856	428610	439825
1	36	391384	420161	437446	437316	433164	435089	432703	446646	448432	443307	460409	462212	475813	489722	480494	474167	477901	465684	467425	465223	454322	450230	439547	429181	421585	428344
1	37	386312	392048	420364	437382	437228	432887	434729	432265	446201	447992	442878	459974	461783	475380	489284	480072	473763	477500	465302	467052	464859	453976	449896	439228	428878	421296
1	38	392139	386920	392250	420304	437282	436953	432540	434308	431855	445784	447582	442478	459566	461383	474976	488875	479679	473388	477130	464953	466712	464528	453665	449597	438948	428612
1	39	399506	392681	387097	392216	420209	437007	436607	432134	433908	431467	445387	447190	442100	459179	461004	474591	488488	479309	473036	476784	464629	466397	464224	453382	449327	438697
1	40	405724	399500	392360	386597	391691	419499	436212	435751	431292	433071	430642	444555	446365	441291	458359	460191	473772	487666	478509	472252	476008	463875	465653	463495	452674	448632
1	41	424493	405223	398722	391434	385659	390621	418331	434968	434515	430072	431858	429443	443347	445165	440105	457164	459005	472578	486468	477335	471096	474862	462752	464542	462397	451599
1	42	442516	423991	404481	397850	390554	384679	389580	417199	433819	433377	428951	430743	428343	442238	444065	439024	456072	457923	471492	485376	476267	470048	473823	461739	463540	461407
1	43	454033	441980	423238	403642	396999	389619	383707	388555	416140	432743	432312	427907	429706	427322	441209	443045	438021	455059	456921	470485	484364	475281	469084	472866	460811	462623
1	44	444445	453451	441190	422378	402801	396084	388674	382732	387582	415132	431720	431302	426917	428725	426360	440238	442083	437081	454108	455980	469541	483416	474357	468184	471973	459949
1	45	455317	444208	452958	440637	421844	402237	395493	388061	382142	386996	414510	431083	430681	426317	428135	425787	439659	441515	436533	453550	455434	468990	482864	473831	467683	471480
1	46	455778	455292	443979	452644	440332	421524	401924	395161	387756	381863	386724	414202	430761	430374	426034	427865	425534	439399	441268	436309	453314	455213	468765	482634	473629	467503
1	47	464071	455614	454935	443589	452224	439894	421098	401515	394782	387407	381540	386409	413852	430398	430027	425712	427557	425246	439103	440986	436051	453044	454957	468507	482370	473395
1	48	461610	463744	455130	454409	443082	451662	439338	420564	401041	394343	387000	381162	386040	413447	429979	429628	425337	427197	424907	438757	440654	435743	452726	454652	468200	482058
1	49	465864	461161	463133	454505	453780	442454	451001	438693	419984	400524	393862	386553	380745	385632	413004	429523	429193	424928	426802	424534	438380	440289	435404	452378	454317	467863
1	50	461541	465100	460304	462248	453646	452906	441602	450122	437868	419232	399838	393214	385943	380166	385064	412399	428906	428597	424360	426248	424003	437844	439767	434909	451873	453825
1	51	453132	460429	463921	459126	461073	452487	451753	440482	449009	436812	418249	398928	392344	385112	379369	384278	411575	428067	427782	423575	425478	423258	437092	439031	434200	451154
1	52	444765	451856	459096	462571	457805	459743	451190	450466	439258	447793	435660	417175	397929	391387	384195	378491	383410	410665	427144	426882	422708	424627	422433	436259	438217	433412
1	53	430028	443394	450442	457657	461138	456395	458334	449819	449132	437992	446536	434470	416068	396904	390408	383259	377595	382525	409736	426199	425962	421822	423760	421593	435411	437387
1	54	412989	428541	441852	448877	456086	459564	454854	456801	448355	447707	436638	445191	433197	414882	395805	389357	382255	376633	381575	408740	425187	424975	420872	422828	420692	434503
1	55	403877	411381	426885	440154	447175	454374	457856	453187	455167	446794	446189	435197	443758	431840	413620	394638	388240	381188	375612	380565	407678	424110	423924	419862	421838	419734
1	56	394739	402150	409663	425118	438352	445368	452562	456056	451453	453470	445174	444615	433707	442274	430439	412319	393438	387094	380096	374568	379537	406594	423007	422851	418830	420828
1	57	380158	392859	400296	407799	423206	436406	443421	450610	454138	449607	451664	443449	442939	432120	440694	428948	410936	392163	385876	378937	373458	378441	405441	421833	421710	417733
1	58	366613	378046	390757	398186	405684	421042	434207	441222	448430	451994	447537	449637	441509	441051	430327	438909	427255	409360	390700	384476	377600	372174	377173	404111	420480	420392
1	59	352170	364262	375726	388397	395817	403313	418620	431750	438786	446012	449615	445238	447382	439347	438945	428322	436913	425358	407586	389048	382888	376078	370713	375728	402598	418943
1	60	351859	349717	361838	373263	385892	393306	400798	416051	429162	436219	443466	447108	442818	445008	437071	436728	426210	434811	423363	405723	387314	381225	374483	369180	374213	401012
1	61	347724	349200	347204	359273	370658	383241	390648	398133	413351	426442	433520	440789	444473	440273	442512	434679	434399	423993	432605	421266	403767	385495	379481	372812	367575	372625
1	62	336380	344855	346471	344536	356552	367895	380432	387832	395331	410510	423580	430679	437970	441699	437594	439885	432161	431947	421661	430283	419061	401710	383583	377647	371057	365888
1	63	338723	333446	342016	343666	341797	353762	365060	377550	384964	392479	407615	420663	427784	435099	438873	434868	437213	429606	429460	419298	427930	416836	399637	381664	375811	369303
1	64	344106	335504	330488	339030	340719	338921	350830	362086	374545	381973	389503	404594	417619	424764	432101	435924	432023	434425	426940	426866	416836	425477	414516	397481	379668	373902
1	65	353019	340443	332188	327287	335803	337532	335808	347662	358891	371316	378759	386304	401347	414346	421516	428877	432750	428959	431420	424064	424063	414174	422824	412003	395139	377495
1	66	370692	348905	336783	328698	323920	332406	334181	332537	344349	355550	367938	375396	382956	397948	410920	418115	425501	429426	425751	428272	421053	421130	411388	420048	409373	392691
1	67	401134	365897	344789	332911	325009	320366	328824	330649	329107	340875	352045	364395	371866	379442	394380	407323	414542	421954	425933	422381	424967	417891	418049	408463	417134	406612
1	68	308634	395240	361019	340317	328702	320993	316491	324925	326817	325383	337103	348239	360525	367983	375574	390453	403362	410608	418048	422084	418664	421318	414394	414640	405220	413902
1	69	297414	303583	389297	355746	335469	324133	316628	312278	320698	322663	321341	333010	344058	356247	363719	371327	386142	399013	406286	413757	417854	414573	417302	410540	410878	401635
1	70	296179	291971	298522	382956	350113	330288	319246	311960	307783	316183	318225	317022	328585	339538	351677	359165	366787	381534	394363	401666	409165	413327	410193	412999	406411	406847
1	71	273379	290104	286544	293123	376201	344102	324758	314025	306979	302984	311365	313485	312382	323858	334770	346854	354357	361993	376666	389449	396781	404310	408538	405557	408443	402037
1	72	242111	267144	284099	280786	287391	369032	337719	318877	308477	301684	297881	306239	308440	307470	318884	329749	341774	349291	356941	371534	384271	391629	399189	403485	400665	403633
1	73	216089	236045	261071	277817	274758	281389	361513	331020	312717	302666	296138	292535	300868	303154	302321	313668	324481	336442	343970	351635	366141	378827	386212	393803	398169	395517
1	74	222378	210188	230196	254769	271292	268497	275151	353677	324051	306311	296622	290373	286977	295281	297656	296965	308237	318995	330889	338426	346103	360516	373145	380555	388178	392618
1	75	218365	215656	204458	224075	248169	264453	261928	268600	345449	316727	299573	290266	284304	281125	289394	291860	291319	302511	313205	325027	332571	340258	354570	367138	374574	382225
1	76	210403	211022	209113	198426	217633	241219	257250	254998	261689	336767	308988	292445	283534	277872	274919	283151	285709	285323	296429	307054	318793	326345	334040	348242	360740	368202
1	77	196229	202514	203889	202235	192076	210848	233895	249652	247685	254389	327598	300802	284896	276398	271048	268328	276518	279170	278947	289956	300508	312157	319715	327420	341500	353923
1	78	183406	188009	194874	196411	195018	185401	203710	226188	241649	239970	246679	317914	292146	276902	268833	263808	261331	269474	272223	272169	283073	293540	305096	312657	320366	334317
1	79	171366	174832	180112	186920	188611	187479	178421	196236	218111	233254	231868	238570	307720	283024	268473	260851	256162	253935	262024	264869	264989	275779	286159	297613	305170	312875
1	80	154878	162386	166610	171894	178629	180473	179602	171120	188413	209644	224444	223353	230037	296982	273405	259574	252413	248074	246106	254134	257077	257376	268049	278328	289664	297210
1	81	143293	145757	153806	158079	163355	169999	171988	171379	163489	180228	200773	215200	214405	221058	285676	263260	250180	243498	239521	237819	245775	248818	249305	259847	270009	281213
1	82	134979	133807	137100	144956	149261	154513	161050	163174	162826	155539	171689	191505	205526	205030	211637	273796	252588	240285	234097	230494	229067	236941	240087	240771	251158	261191
1	83	122881	124909	124846	128206	135846	140165	145374	151785	154033	153940	147267	162790	181835	195415	195210	201756	261325	241369	229870	224192	220973	219827	227611	230859	231734	241952
1	84	109047	112547	115471	115704	119113	126511	130825	135968	142232	144592	144745	138692	153549	171778	184886	184967	191433	248278	229612	218942	213786	210957	210103	217782	221123	222190
1	85	94562	98744	102977	105947	106456	109891	117021	121308	126366	132458	134913	135299	129866	144022	161389	173990	174347	180712	234706	217367	207541	202915	200489	199928	207481	210908
1	86	81066	84540	89313	93420	96411	97173	100609	107441	111675	116620	122515	125048	125651	120833	134252	150713	162772	163392	169636	220659	204671	195702	191621	189597	189320	196730
1	87	70907	71448	75474	79996	83955	86939	87924	91333	97838	101993	106799	112469	115055	115858	111645	124293	139810	151290	152155	158251	206196	191576	183482	179942	178310	178313
1	88	60111	61522	62886	66656	70903	74689	77635	78809	82160	88314	92358	96997	102419	105030	106010	102384	114234	128771	139638	140726	146648	191431	178189	170963	167952	166704
1	89	49450	51261	53303	54679	58177	62135	65720	68598	69922	73184	78961	82864	87306	92454	95063	96193	93128	104157	117685	127910	129191	134914	176479	164606	158228	155731
1	90	40666	41375	43645	45551	46914	50125	53775	57139	59916	61347	64489	69864	73596	77813	82663	85244	86495	83959	94148	106647	116201	117647	123150	161456	150917	145370
1	91	32830	33325	34566	36596	38351	39673	42589	45917	49035	51681	53179	56168	61123	64654	68620	73149	75670	77011	74967	84304	95760	104620	106206	111459	146482	137239
1	92	26423	26310	27274	28394	30185	31777	33034	35647	38644	41499	43983	45506	48314	52832	56137	59828	64015	66448	67845	66250	74731	85141	93297	94987	99954	131707
1	93	20496	20667	21062	21911	22906	24462	25882	27052	29361	32022	34600	36898	38404	41006	45079	48134	51529	55358	57676	59096	57901	65531	74910	82351	84099	88756
1	94	14103	15612	16148	16516	17252	18118	19448	20692	21759	23766	26093	28386	30475	31929	34303	37928	40715	43799	47260	49437	50847	50002	56802	65166	71884	73652
1	95	8188	10436	11882	12333	12666	13289	14029	15143	16213	17163	18878	20879	22884	24750	26117	28250	31433	33937	36701	39789	41803	43174	42630	48622	55994	61995
1	96	5076	5873	7718	8818	9190	9481	9998	10615	11531	12430	13256	14695	16384	18105	19742	20996	22878	25631	27846	30287	33002	34838	36146	35848	41061	47480
1	97	3628	3518	4211	5553	6370	6668	6915	7333	7836	8572	9310	10010	11193	12591	14039	15445	16567	18198	20540	22467	24587	26940	28588	29810	29702	34177
1	98	2517	2420	2437	2927	3875	4466	4699	4901	5231	5629	6206	6798	7374	8324	9455	10647	11828	12808	14192	16149	17793	19605	21613	23065	24176	24211
1	99	1643	1610	1615	1631	1968	2616	3031	3208	3368	3620	3927	4367	4829	5289	6034	6928	7887	8855	9686	10837	12441	13816	15338	17022	18273	19261
1	100	1011	1006	1033	1039	1053	1277	1707	1990	2119	2242	2429	2658	2985	3335	3690	4259	4949	5701	6476	7164	8097	9385	10514	11768	13151	14208
1	101	578	590	618	637	644	655	800	1075	1262	1353	1443	1577	1743	1977	2236	2503	2925	3442	4017	4620	5175	5915	6927	7836	8845	9958
1	102	304	322	346	364	378	383	392	482	652	769	834	897	990	1105	1269	1453	1647	1951	2329	2757	3214	3648	4222	5000	5713	6506
1	103	161	159	181	194	205	214	218	225	278	380	452	494	536	599	676	788	914	1051	1263	1531	1841	2179	2508	2941	3526	4071
1	104	82	80	85	97	104	110	116	119	124	154	213	254	282	309	350	400	473	556	650	793	977	1195	1437	1682	2000	2428
1	105 - 109	73	67	70	73	82	88	95	102	109	115	136	179	225	267	306	351	405	485	585	705	869	1095	1378	1725	2122	2602
1	110 and over	2	1	0	0	0	0	0	0	0	1	1	1	1	1	1	2	3	4	5	6	9	11	14	19	27	38
2	0	379368	378133	382059	385344	388433	390747	392516	393833	394998	395583	395360	394572	393342	392193	391347	390627	390118	389883	389963	390412	391254	392535	394241	396341	398763	401357
2	1	389551	381323	379879	383629	386921	389878	392150	393880	395202	396372	396960	396744	395958	394734	393591	392750	392035	391531	391299	391384	391836	392683	393966	395675	397777	400201
2	2	403951	392048	383558	381921	385672	388815	391722	393945	395676	396999	398172	398760	398546	397762	396539	395397	394559	393845	393342	393112	393199	393651	394498	395783	397495	399596
2	3	398986	406145	394020	385337	383709	387315	390411	393271	395495	397227	398551	399725	400314	400101	399318	398097	396957	396120	395405	394903	394675	394762	395216	396062	397346	399059
2	4	392241	400909	407880	395568	386896	385127	388690	391746	394605	396831	398563	399886	401061	401650	401439	400656	399436	398296	397462	396746	396245	396016	396105	396560	397407	398692
2	5	388490	393960	402478	409269	396968	388162	386355	389880	392939	395796	398023	399757	401080	402256	402845	402634	401851	400633	399493	398661	397944	397445	397216	397305	397760	398609
2	6	391280	390019	395364	403709	410516	398087	389248	387409	390933	393994	396850	399077	400815	402136	403313	403903	403693	402911	401693	400552	399722	399004	398506	398279	398367	398822
2	7	377729	392683	391323	396501	404862	411544	399085	390215	388376	391902	394964	397820	400047	401785	403107	404284	404875	404665	403884	402666	401526	400696	399979	399480	399254	399344
2	8	370572	379065	393924	392409	397600	405847	412498	400012	391144	389306	392832	395893	398749	400978	402715	404039	405215	405808	405598	404818	403601	402461	401632	400915	400417	400189
2	9	355814	371886	380270	394995	393492	398583	406801	413424	400941	392073	390235	393762	396824	399681	401910	403647	404972	406148	406741	406532	405751	404535	403395	402568	401851	401355
2	10	349411	357138	373105	381365	396098	394504	399569	407760	414384	401902	393037	391198	394726	397787	400645	402874	404612	405937	407113	407707	407498	406717	405502	404362	403535	402820
2	11	339211	350765	358386	374237	382505	397150	395531	400575	408766	415391	402910	394045	392206	395734	398796	401654	403883	405622	406948	408124	408720	408509	407729	406514	405374	404547
2	12	334246	340622	352057	359569	375424	383610	398230	396586	401630	409822	416447	403968	395105	393265	396793	399856	402715	404944	406683	408009	409185	409783	409571	408792	407578	406438
2	13	344292	335619	341871	353205	360719	376497	384659	399256	397613	402657	410849	417477	404998	396137	394297	397826	400889	403749	405979	407718	409044	410221	410819	410608	409829	408615
2	14	351786	345601	336799	342961	354297	361742	377494	385634	400230	398589	403633	411824	418453	405976	397116	395277	398806	401870	404732	406961	408702	410028	411205	411803	411592	410813
2	15	363542	353362	346992	338099	344252	355516	362930	378651	386792	401388	399747	404791	412983	419612	407135	398278	396440	399969	403034	405898	408126	409868	411194	412373	412971	412762
2	16	368365	365453	354991	348522	339616	345686	356908	364285	380003	388144	402740	401101	406146	414339	420968	408493	399637	397800	401329	404394	407258	409487	411230	412556	413737	414335
2	17	379140	370652	367346	356782	350280	341288	347304	358472	365850	381568	389709	404304	402667	407712	415907	422535	410061	401208	399373	402902	405968	408833	411063	412807	414133	415315
2	18	378465	382932	373766	370322	359700	353081	344005	349939	361107	368485	384205	392346	406939	405304	410350	418545	425174	412701	403851	402017	405548	408613	411479	413710	415455	416781
2	19	385249	385319	388566	379196	375637	364839	358076	348865	354800	365966	373346	389064	397206	411799	410164	415212	423408	430036	417565	408718	406884	410417	413484	416350	418582	420330
2	20	402761	394005	392410	395387	385857	382062	371068	364115	354909	360843	372009	379390	395106	403250	417841	416208	421255	429455	436083	423615	414770	412937	416470	419540	422406	424639
2	21	409355	411660	401027	399118	401902	392097	388074	376862	369911	360711	366643	377809	385192	400905	409051	423642	422011	427056	435258	441886	429421	420578	418748	422280	425351	428221
2	22	431579	419431	419510	408511	406374	408829	398754	394471	383261	376312	367118	373051	384214	391600	407311	415457	430047	428418	433464	441668	448294	435833	426991	425164	428696	431767
2	23	440935	442084	427564	427244	416007	413516	415679	405327	401047	389842	382895	373703	379638	390800	398188	413897	422045	436634	435006	440052	448257	454882	442424	433585	431760	435293
2	24	434269	449916	448907	434009	433470	421899	419140	421045	410696	406419	395220	388274	379086	385022	396181	403572	419278	427427	442016	440390	445438	453642	460269	447813	438975	437152
2	25	435179	441353	455067	453683	438590	437725	425907	422908	424814	414468	410194	399001	392057	382872	388811	399967	407359	423064	431214	445802	444178	449226	457431	464059	451608	442771
2	26	443113	441020	445457	458791	457231	441819	440721	428678	425683	427592	417249	412979	401790	394847	385664	391604	402761	410153	425858	434009	448595	446973	452021	460228	466855	454409
2	27	437852	448393	444762	448833	462011	460143	444522	443219	431182	428187	430100	419760	415495	404308	397370	388191	394131	405288	412679	428382	436534	451121	449500	454549	462757	469386
2	28	437743	442549	451741	447762	451700	464582	462520	446720	445418	433387	430396	432309	421974	417712	406532	399595	390420	396361	407518	414911	430611	438763	453349	451730	456781	464989
2	29	440382	441958	445563	454425	450334	453997	466702	464474	448683	447384	435357	432371	434284	423955	419695	408521	401587	392417	398360	409515	416910	432607	440762	455346	453730	458781
2	30	432642	443759	444356	447655	456426	452085	455598	468157	465933	450149	448854	436833	433851	435767	425441	421184	410016	403087	393919	399864	411021	418416	434110	442266	456849	455235
2	31	437664	435156	445496	445810	449045	457584	453119	456514	469069	466849	451072	449781	437767	434788	436708	426386	422135	410971	404046	394885	400830	411987	419384	435075	443232	457813
2	32	439217	439837	436666	446737	447001	450020	458447	453876	457275	469827	467610	451843	450553	438549	435573	437496	427178	422934	411775	404853	395698	401643	412800	420199	435888	444047
2	33	441807	441078	441133	437717	447743	447811	450730	459061	454493	457895	470446	468232	452476	451186	439192	436219	438144	427834	423594	412441	405525	396376	402321	413478	420878	436564
2	34	441724	443365	442157	441977	438532	448367	448350	451182	459513	454951	458353	470903	468693	452948	451662	439675	436707	438635	428331	424097	412951	406042	396898	402842	414000	421400
2	35	422382	442838	444057	442624	442420	438798	448550	448455	451291	459619	455062	458467	471014	468809	453076	451795	439815	436853	438782	428485	424258	413121	406216	397080	403026	414183
2	36	394082	423158	443206	444231	442768	442410	438718	448395	448304	451144	459472	454920	458327	470873	468672	452951	451674	439704	436749	438681	428390	424168	413040	406142	397012	402960
2	37	387352	394779	423472	443330	444327	442725	442301	438548	448221	448137	450976	459305	454760	458170	470715	468521	452810	451537	439578	436629	438566	428283	424065	412948	406054	396933
2	38	396798	387972	395052	423563	443384	444252	442588	442106	438360	448031	447951	450793	459122	454585	457996	470540	468351	452655	451387	439440	436497	438438	428164	423951	412845	405959
2	39	404756	397346	388210	395140	423606	443298	444108	442392	441916	438177	447847	447772	450617	458946	454419	457832	470375	468192	452512	451247	439311	436376	438321	428058	423854	412756
2	40	412848	405348	397651	388394	395297	423638	443268	444026	442318	441849	438117	447785	447717	450564	458894	454376	457791	470333	468157	452493	451234	439312	436385	438334	428080	423885
2	41	430838	413435	405681	397874	388606	395412	423684	443255	444015	442317	441853	438130	447797	447737	450589	458921	454410	457829	470368	468202	452553	451303	439392	436473	438428	428184
2	42	450342	431312	413700	405842	398028	388683	395441	423649	443212	443976	442289	441831	438118	447784	447731	450587	458921	454420	457844	470379	468224	452592	451350	439452	436543	438504
2	43	468294	450701	431490	413796	405933	398048	388676	395393	423583	443136	443905	442227	441779	438076	447743	447698	450558	458894	454403	457833	470366	468220	452607	451373	439490	436590
2	44	456973	468477	450730	431459	413772	405850	397945	388552	395269	423441	442984	443761	442093	441655	437962	447630	447592	450459	458797	454319	457753	470285	468146	452555	451329	439460
2	45	469255	457087	468421	450626	431372	413647	405707	397786	388413	395131	423285	442817	443602	441943	441516	437836	447504	447475	450348	458689	454223	457663	470194	468065	452494	451277
2	46	469484	469230	456953	468214	450437	431162	413439	405489	397587	388233	394954	423087	442609	443404	441758	441339	437674	447343	447324	450203	458546	454093	457539	470068	467951	452400
2	47	474129	469373	469013	456706	467950	450163	430898	413184	405255	397375	388041	394766	422878	442387	443193	441559	441150	437501	447171	447163	450050	458393	453955	457408	469935	467829
2	48	476499	473954	469111	468717	456426	467625	449853	430602	412927	405019	397162	387853	394580	422670	442168	442985	441364	440968	437334	447005	447007	449905	458249	453826	457287	469813
2	49	480520	476263	473635	468771	468377	456086	467254	449502	430296	412662	404779	396946	387663	394393	422459	441943	442774	441166	440784	437167	446839	446854	449758	458106	453698	457166
2	50	475802	480232	475909	473261	468405	467992	455716	466858	449153	429997	412407	404548	396743	387488	394221	422262	441732	442575	440984	440614	437015	446689	446717	449631	457980	453591
2	51	465288	475427	479786	475448	472809	467945	467527	455268	466409	448756	429651	412107	404277	396500	387274	394012	422024	441479	442336	440763	440407	436828	446503	446547	449469	457823
2	52	454042	464781	474854	479179	474860	472211	467354	466936	454723	465859	448260	429212	411717	403919	396171	386977	393718	421701	441141	442012	440457	440119	436559	446236	446295	449227
2	53	438923	453395	464073	474111	478429	474113	471471	466626	466230	454067	465199	447658	428670	411229	403464	395748	386587	393334	421283	440705	441593	440059	439738	436201	445879	445956
2	54	421507	438178	452585	463226	473244	477549	473249	470616	465808	465435	453325	464453	446975	428051	410667	402937	395256	386132	392884	420797	440202	441106	439594	439293	435779	445457
2	55	412983	420721	437323	451685	462305	472293	476594	472314	469714	464943	464598	452544	463669	446256	427401	410079	402387	394744	385658	392415	420290	439679	440599	439110	438830	435342
2	56	403713	412099	419806	436355	450681	461274	471239	475535	471298	468733	464003	463686	451691	462814	445472	426691	409437	401784	394183	385141	391901	419736	439105	440045	438579	438322
2	57	389635	402687	411053	418737	435240	449525	460095	470037	474349	470158	467631	462945	462660	450730	461849	444585	425882	408700	401090	393531	384536	391301	419095	438442	439403	437964
2	58	375852	388499	401530	409871	417539	433994	448240	458786	468729	473058	468918	466430	461793	461540	449680	460796	443613	424995	407890	400326	392814	383867	390636	418386	437711	438695
2	59	363134	374651	387288	400272	408596	416248	432654	446862	457402	467344	471692	467607	465162	460576	460359	448572	459686	442588	424061	407038	399526	392061	383169	389944	417644	436944
2	60	364896	361766	373291	385885	398826	407133	414769	431126	445314	455847	465790	470160	466131	463733	459201	459026	447314	458425	441422	422991	406054	398596	391183	382347	389128	416780
2	61	360037	363293	360269	371752	384306	397207	405495	413121	429443	443609	454137	464078	468472	464504	462156	457682	457547	445921	457028	440125	421794	404951	397548	390192	381414	388202
2	62	351210	358353	361693	358705	370146	382655	395514	403787	411417	427702	441843	452367	462309	466727	462824	460529	456117	456026	444490	455593	438797	420574	403828	396485	389188	380473
2	63	354230	349417	356632	359972	357027	368424	380887	393704	401976	409610	425857	439976	450491	460435	464880	461046	458807	454462	454416	442976	454075	437391	419283	402640	395362	388128
2	64	362424	352179	347540	354732	358077	355175	366526	378943	391731	400002	407641	423845	437941	448453	458397	462871	459108	456930	452655	452659	441319	452416	435851	417865	401331	394121
2	65	370569	360026	350029	345454	352625	355976	353124	364430	376815	389572	397841	405487	421646	435715	446222	456169	460674	456989	454874	450675	450731	439500	450592	434154	416297	399878
2	66	390854	367744	357513	347632	343131	350283	353640	350845	362120	374469	387192	395463	403115	419230	433270	443770	453720	458259	454657	452612	448490	448603	437486	448576	432271	414552
2	67	422532	387510	364888	354791	345036	340616	347748	351121	348396	359638	371952	384640	392911	400570	416638	430648	441141	451092	455669	452154	450183	446147	446319	435322	446410	430247
2	68	327926	418490	384170	361818	351866	342248	337915	345029	348430	345781	356988	369263	381899	390153	397821	413839	427817	438306	448257	452875	449454	447562	443618	443857	432988	444075
2	69	319014	324451	414402	380513	358452	348662	339191	334950	342060	345490	342923	354095	366296	378860	387113	394792	410755	424699	435185	445136	449797	446480	444675	440828	441137	430408
2	70	317850	315195	320935	409954	376530	354782	345160	335850	331719	338825	342287	339810	350910	363032	375555	383809	391499	407405	421312	431792	441745	446454	443245	441532	437791	438174
2	71	298903	313611	311403	317153	405178	372247	350834	341399	332267	328257	335357	338853	336454	347497	359573	372054	380310	388011	403855	417725	428200	438154	442912	439818	438202	434572
2	72	269362	294452	309400	307317	313079	400041	367639	346588	337359	328419	324536	331630	335166	332868	343870	355898	368334	376591	384304	400082	413912	424383	434342	439150	436178	434663
2	73	244678	264895	290046	304872	302922	308696	394521	362686	342028	333020	324285	320539	327629	331205	329017	339975	351952	364338	372597	380323	396030	409819	420283	430246	435109	432267
2	74	252632	240168	260495	285323	300019	298213	303998	388608	357383	337145	328374	319859	316257	323344	326964	324893	335801	347725	360059	368319	376062	391693	405434	415893	425858	430782
2	75	250767	247402	235710	255760	280245	294798	293145	298946	382261	351685	331895	323376	315098	311652	318732	322399	320456	331312	343178	355457	363718	371476	387027	400717	411168	421136
2	76	243576	244943	242255	230921	250676	274794	289194	287701	293522	375449	345571	326258	318008	309981	306703	313777	317496	315688	326489	338293	350511	358773	366547	382011	395645	406087
2	77	232435	237204	239212	236722	225770	245206	268929	283164	281846	287684	368120	338987	320185	312224	304466	301368	308433	312207	310544	321287	333024	345175	353439	361227	376598	390172
2	78	222261	225570	230947	233056	230775	220232	239323	262617	276678	275545	281399	360231	331897	313641	305988	298518	295613	302669	306501	304994	315672	327337	339415	347680	355483	370749
2	79	211358	214818	218835	224228	226444	224382	214273	232993	255828	269696	268757	274625	351729	324249	306580	299258	292096	289396	296441	300336	298998	309605	321190	333189	341452	349270
2	80	196703	203304	207526	211608	217016	219342	217509	207862	226183	248520	262177	261440	267320	342565	315999	298955	291988	285157	282677	289710	293669	292511	303041	314536	326448	334708
2	81	187790	188174	195455	199737	203881	209296	211730	210138	200984	218871	240672	254097	253572	259461	332700	307113	290741	284149	277670	275426	282442	286469	285503	295948	307348	319162
2	82	182572	178517	179902	187103	191439	195639	201057	203598	202256	193623	211039	232260	245430	245124	251018	322103	297559	281899	275709	269605	267611	274607	278705	277940	288291	299584
2	83	173687	172327	169591	171158	178265	182648	186899	192307	194955	193871	185783	202693	223286	236175	236098	241989	310763	287329	272427	266659	260954	259222	266194	270363	269813	280058
2	84	162214	162611	162519	160203	161948	168944	173362	177655	183043	185793	184973	177453	193817	213737	226315	226475	232352	298651	276392	262295	256970	251685	250229	257169	261413	261085
2	85	145959	150457	152076	152262	150372	152290	159155	163596	167918	173270	176118	175564	168634	184410	203605	215841	216242	222096	285755	264734	251483	246623	241782	240613	247512	251827
2	86	130835	133952	139374	141149	141607	140146	142227	148938	153386	157724	163020	165953	165666	159346	174489	192906	204769	205412	211226	272078	252358	239995	235618	231238	230367	237217
2	87	118553	118638	122745	127981	129901	130623	129584	131813	138344	142781	147112	152333	155338	155315	149618	164084	181670	193124	194005	199764	257643	239281	227842	223966	220064	219496
2	88	106998	106054	107394	111353	116380	118428	119398	118767	121126	127450	131851	136153	141276	144333	144565	139499	153245	169948	180958	182069	187755	242499	225544	215059	211696	208284
2	89	93950	94273	94691	96107	99899	104699	106849	108045	107800	110265	116352	120690	124934	129928	133019	133492	129057	142042	157813	168342	169670	175262	226725	211214	201705	198859
2	90	82630	81381	82888	83449	84921	88526	93071	95294	96685	96796	99337	105153	109397	113556	118394	121491	122188	118374	130557	145349	155360	156888	162362	210414	196371	187853
2	91	72032	70245	70352	71821	72503	74005	77400	81665	83929	85479	85905	88486	93998	98114	102155	106806	109879	110777	107568	118914	132688	142142	143849	149175	193716	181146
2	92	62358	59987	59605	59840	61254	62027	63530	66694	70657	72923	74587	75281	77864	83038	86991	90880	95313	98331	99400	96766	107249	119972	128836	130694	135843	176799
2	93	52393	50759	49866	49670	50004	51343	52176	53652	56564	60200	62428	64161	65069	67611	72418	76173	79876	84058	86989	88193	86099	95698	107348	115594	117567	122509
2	94	39318	41597	41264	40639	40593	40995	42243	43102	44521	47164	50457	52605	54357	55422	57881	62296	65818	69302	73205	76016	77318	75718	84424	94989	102592	104644
2	95	24889	30386	33015	32835	32429	32498	32940	34081	34933	36268	38629	41568	43596	45320	46482	48819	52823	56084	59318	62917	65578	66937	65777	73592	83079	90023
2	96	16903	18700	23506	25616	25552	25320	25467	25922	26943	27759	28985	31060	33640	35517	37168	38372	40551	44133	47108	50071	53347	55829	57207	56426	63365	71796
2	97	13102	12326	14093	17760	19419	19438	19333	19527	19969	20863	21621	22718	24510	26737	28438	29978	31172	33167	36326	39000	41674	44616	46899	48258	47792	53886
2	98	10008	9262	9035	10362	13098	14375	14446	14429	14642	15054	15818	16499	17458	18978	20865	22373	23774	24915	26707	29451	31818	34196	36801	38869	40175	39962
2	99	7155	6847	6594	6452	7426	9419	10383	10481	10519	10731	11097	11737	12330	13146	14411	15981	17288	18532	19588	21164	23512	25574	27655	29930	31773	33000
2	100	4888	4728	4728	4565	4484	5182	6599	7309	7416	7483	7680	7993	8514	9015	9694	10724	12005	13113	14191	15138	16498	18473	20241	22033	23990	25606
2	101	3126	3110	3158	3166	3069	3027	3514	4496	5008	5109	5187	5358	5619	6032	6441	6992	7812	8835	9753	10666	11490	12639	14274	15763	17280	18936
2	102	1837	1910	2003	2041	2053	1999	1981	2312	2975	3333	3422	3498	3640	3848	4168	4493	4927	5564	6364	7106	7860	8559	9508	10837	12069	13330
2	103	1071	1058	1168	1229	1257	1271	1243	1239	1454	1885	2126	2198	2266	2376	2536	2774	3022	3352	3832	4439	5021	5622	6196	6959	8012	9006
2	104	613	577	610	676	714	733	746	734	736	871	1137	1293	1348	1401	1484	1601	1770	1952	2195	2542	2987	3429	3892	4347	4942	5753
2	105 - 109	692	614	612	631	679	730	771	806	818	830	921	1131	1347	1513	1646	1780	1941	2156	2422	2758	3220	3829	4554	5376	6273	7325
2	110 and over	14	10	9	9	9	9	9	9	9	11	12	13	15	16	18	24	30	37	45	54	63	76	90	110	140	184
