Sex	Age	2014	2015	2016	2017	2018	2019	2020	2021	2022	2023	2024	2025	2026	2027	2028	2029	2030	2031	2032	2033	2034	2035	2036	2037	2038	2039
1	0	398997	393908	394562	394931	394976	394253	392925	391125	389110	386471	383035	379128	374912	370918	367395	364215	361452	359190	357448	356260	355624	355555	355993	356851	358031	359335
1	1	410138	398662	393602	394264	394638	394689	393972	392650	390858	388850	386217	382788	378887	374680	370691	367174	363999	361241	358984	357245	356060	355427	355363	355802	356662	357844
1	2	424084	410035	398570	393512	394176	394552	394606	393891	392571	390781	388775	386143	382716	378817	374613	370625	367110	363936	361179	358923	357185	356001	355369	355306	355747	356607
1	3	418717	424018	409977	398514	393458	394124	394501	394556	393842	392524	390735	388730	386099	382674	378776	374573	370586	367071	363899	361143	358888	357150	355967	355336	355273	355715
1	4	410610	418666	423972	409934	398473	393418	394085	394463	394520	393807	392490	390702	388698	386068	382644	378746	374544	370558	367043	363872	361117	358862	357124	355942	355311	355248
1	5	406814	410567	418626	423933	409897	398439	393386	394054	394432	394490	393778	392461	390674	388671	386041	382618	378721	374519	370534	367020	363849	361094	358840	357102	355921	355291
1	6	410302	406775	410531	418590	423899	409866	398409	393357	394026	394405	394463	393752	392435	390649	388647	386017	382595	378698	374497	370512	366999	363828	361075	358821	357083	355902
1	7	397054	410266	406743	410499	418559	423869	409838	398382	393331	394001	394380	394439	393728	392412	390626	388625	385995	382574	378677	374477	370492	366981	363810	361057	358804	357066
1	8	388063	397022	410236	406715	410471	418532	423842	409812	398358	393307	393978	394357	394417	393706	392391	390605	388605	385975	382555	378659	374459	370475	366964	363793	361041	358788
1	9	373006	388035	396995	410209	406689	410446	418507	423817	409788	398335	393285	393957	394336	394396	393686	392371	390587	388587	385957	382538	378642	374442	370459	366948	363777	361026
1	10	366463	372979	388009	396970	410184	406664	410422	418483	423793	409765	398313	393264	393936	394316	394376	393667	392353	390569	388570	385940	382521	378626	374426	370443	366933	363762
1	11	356301	366435	372953	387983	396944	410158	406639	410397	418459	423769	409742	398291	393243	393915	394295	394356	393647	392334	390551	388552	385922	382504	378609	374409	370427	366917
1	12	350571	356268	366405	372925	387955	396916	410130	406612	410370	418432	423743	409717	398267	393220	393892	394272	394334	393625	392313	390530	388531	385902	382484	378591	374391	370409
1	13	359210	350533	356232	366369	372890	387920	396881	410095	406578	410336	418400	423712	409687	398240	393194	393866	394246	394309	393600	392289	390506	388508	385879	382461	378569	374369
1	14	370466	359161	350490	356190	366328	372849	387879	396840	410054	406538	410297	418361	423674	409650	398205	393160	393834	394215	394278	393570	392259	390477	388479	385851	382433	378542
1	15	382196	370402	359104	350437	356137	366276	372798	387827	396789	410003	406489	410249	418313	423626	409605	398163	393119	393794	394176	394239	393532	392221	390440	388443	385815	382398
1	16	387348	382110	370326	359033	350371	356072	366212	372735	387763	396726	409939	406427	410188	418252	423567	409549	398111	393068	393744	394127	394190	393484	392174	390394	388398	385771
1	17	399339	387236	382009	370233	358945	350290	355992	366132	372656	387684	396648	409861	406351	410113	418177	423494	409480	398046	393004	393681	394065	394129	393424	392114	390335	388340
1	18	403292	399194	387109	381889	370120	358839	350192	355895	366036	372561	387588	396553	409765	406259	410023	418087	423405	409396	397965	392925	393603	393989	394054	393350	392042	390264
1	19	405326	403115	399035	386962	381750	369990	358719	350078	355782	365924	372450	387476	396441	409653	406151	409918	417982	423300	409297	397869	392833	393513	393901	393967	393264	391957
1	20	423227	405123	402932	398861	386800	381597	369846	358585	349951	355658	365800	372327	387353	396318	409529	406031	409799	417863	423181	409186	397762	392729	393411	393800	393867	393165
1	21	425645	422998	404923	402742	398680	386632	381437	369696	358444	349819	355527	365669	372197	387222	396188	409397	405903	409672	417736	423055	409067	397648	392618	393302	393692	393761
1	22	439175	425406	422783	404725	402553	398501	386463	381275	369545	358303	349686	355395	365537	372066	387089	396055	409263	405772	409542	417606	422925	408945	397531	392503	393189	393580
1	23	456389	438926	425187	422574	404532	402369	398325	386297	381117	369396	358164	349554	355264	365406	371935	386956	395922	409129	405641	409412	417476	422796	408822	397413	392388	393075
1	24	449824	456130	438700	424976	422373	404345	402189	398153	386136	380963	369250	358027	349423	355135	365276	371807	386826	395790	408996	405511	409283	417347	422668	408698	397295	392273
1	25	441752	449567	455893	438479	424770	422175	404162	402012	397982	385976	380810	369105	357890	349292	355007	365145	371677	386695	395657	408861	405380	409152	417217	422538	408574	397175
1	26	444147	441492	449327	455657	438259	424564	421976	403978	401834	397811	385815	380655	368959	357751	349160	354876	365012	371545	386560	395521	408724	405245	409017	417082	422403	408446
1	27	430783	443874	441244	449084	455416	438034	424355	421774	403788	401651	397635	385649	380495	368807	357607	349022	354740	364874	371407	386420	395379	408579	405104	408877	416940	422262
1	28	439328	430500	443609	440989	448831	455168	437801	424136	421563	403590	401459	397450	385473	380327	368646	357455	348876	354594	364728	371260	386270	395228	408426	404953	408727	416789
1	29	440748	439020	430223	443333	440722	448566	454907	437557	423905	421339	403381	401256	397253	385287	380147	368475	357291	348720	354439	364570	371102	386109	395065	408260	404790	408566
1	30	428719	440416	438717	429933	443043	440441	448287	454631	437297	423659	421100	403156	401038	397042	385087	379953	368290	357116	348551	354270	364400	370931	385934	394888	408080	404613
1	31	431951	428373	440090	438399	429628	442738	440145	447993	454337	437020	423397	420845	402916	400805	396815	384872	379744	368090	356926	348368	354088	364215	370746	385743	394696	407884
1	32	430780	431578	428031	439747	438065	429307	442414	439831	447679	454024	436724	423117	420571	402658	400554	396571	384638	379519	367874	356721	348171	353890	364014	370545	385536	394487
1	33	435537	430381	431209	427673	439387	437714	428968	442071	439496	447345	453690	436407	422817	420277	402382	400284	396307	384386	379275	367641	356497	347957	353675	363796	370326	385312
1	34	436154	435106	429986	430821	427296	439007	437341	428608	441705	439138	446988	453332	436067	422493	419960	402083	399992	396023	384114	379009	367388	356256	347724	353443	363559	370086
1	35	419401	435692	434677	429569	430410	426896	438602	436943	428224	441315	438754	446604	452947	435700	422143	419617	401759	399676	395714	383819	378721	367113	355993	347470	353188	363300
1	36	391384	418922	435229	434221	429125	429972	426468	438168	436515	427810	440895	438341	446189	452530	435303	421765	419246	401408	399333	395378	383499	378408	366814	355708	347195	352912
1	37	386312	390902	418440	434736	433735	428651	429502	426008	437701	436055	427366	440442	437895	445740	452079	434874	421355	418844	401028	398960	395014	383151	378068	366489	355397	346895
1	38	392139	385798	390416	417925	434207	433214	428142	428997	425514	437199	435559	426885	439953	437414	445256	451592	434410	420912	418409	400616	398557	394620	382772	377700	366136	355060
1	39	399506	391573	385279	389897	417374	433641	432655	427596	428456	424982	436659	435026	426368	439426	436896	444734	451067	433910	420434	417939	400171	398121	394194	382364	377301	365755
1	40	405724	398886	391005	384726	389343	416786	433036	432057	427012	427877	424414	436082	434455	425814	438861	436341	444175	450505	433375	419921	417434	399695	397653	393736	381926	376874
1	41	424493	405046	398263	390399	384137	388754	416162	432393	431421	426391	427260	423810	435467	433849	425225	438260	435750	443580	449908	432805	419377	416898	399190	397156	393251	381461
1	42	442516	423732	404367	397603	389758	383514	388130	415501	431714	430750	425736	426609	423172	434819	433210	424604	437627	435127	442954	449278	432206	418804	416336	398657	396634	392739
1	43	454033	441668	422974	403651	396908	389084	382859	387474	414807	431001	430046	425048	425928	422503	434140	432540	423955	436966	434476	442299	448621	431579	418205	415748	398101	396088
1	44	444445	453104	440825	422177	402900	396180	388378	382173	386788	414081	430257	429312	424331	425218	421807	433433	431844	423280	436279	433800	441619	447938	430930	417583	415137	397523
1	45	455317	443475	452184	439943	421343	402116	395420	387642	381458	386074	413327	429484	428550	423588	424482	421086	432702	431124	422583	435568	433101	440916	447234	430260	416942	414506
1	46	455778	454258	442516	451222	439022	420475	401300	394629	386878	380718	385336	412548	428685	427763	422821	423724	420345	431950	430384	421866	434839	432384	440195	446510	429571	416283
1	47	464071	454647	453211	441516	450220	438064	419573	400453	393810	386087	379953	384573	411744	427862	426953	422032	422943	419582	431176	429623	421130	434089	431646	439454	445767	428864
1	48	461610	462841	453529	452120	440474	449178	437068	418637	399575	392962	385270	379162	383785	410914	427012	426117	421217	422140	418796	430380	428840	420371	433317	430887	438691	445001
1	49	465864	460293	461621	452360	450978	439385	448089	436029	417662	398662	392079	384421	378340	382967	410053	426130	425250	420372	421307	417981	429554	428027	419584	432517	430100	437899
1	50	461541	464428	458985	460339	451130	449779	438242	446948	434940	416640	397704	391155	383530	377479	382110	409151	425206	424342	419488	420434	417127	428688	427174	418758	431677	429275
1	51	453132	459996	462994	457601	458983	449830	448510	437033	445740	433788	415558	396690	390175	382586	376568	381202	408193	424227	423379	418550	419507	416220	427768	426268	417881	430784
1	52	444765	451473	458444	461468	456127	457537	448443	447156	435740	444449	432554	414399	395604	389126	381574	375589	380228	407164	423175	422344	417541	418509	415242	426777	425292	416935
1	53	430028	442979	449801	456785	459835	454550	455988	446956	445703	434351	443060	431228	413150	394433	387995	380482	374531	379174	406052	422036	421224	416448	417429	414184	425702	424233
1	54	412989	428131	441176	448013	455009	458085	452858	454324	445357	444140	432858	441565	429798	411804	393169	386772	379302	373387	378033	404848	420802	420008	415262	416256	413034	424534
1	55	403877	410985	426214	439245	446095	453102	456205	451037	452534	443635	442455	431245	439950	428254	410349	391803	385449	378022	372148	376796	403542	419462	418689	413973	414980	411783
1	56	394739	401720	408959	424160	437175	444036	451054	454185	449079	450608	441780	440639	429507	438208	426585	408776	390326	384017	376638	370805	375456	402126	418010	417257	412576	413595
1	57	380158	392423	399543	406793	421962	434957	441831	448859	452016	446978	448537	439787	438686	427637	436331	424787	407080	388732	382473	375144	369355	374008	400594	416439	415707	411063
1	58	366613	377707	390086	397217	404475	419610	432582	439466	446505	449690	444722	446313	437644	436585	425623	434310	422851	405253	387012	380806	373530	367789	372443	398939	414740	414031
1	59	352170	364019	375238	387594	394733	401999	417095	430040	436935	443983	447196	442301	443925	435343	434328	423458	432135	420766	403285	385159	379009	371790	366100	370754	397151	412904
1	60	351859	349445	361415	372612	384939	392086	399359	414411	427327	434231	441287	444528	439711	441369	432878	431908	421134	429801	418527	401169	383167	377075	369918	364281	368935	395224
1	61	347724	348890	346718	358653	369825	382120	389274	396553	411554	424439	431349	438412	441682	436946	438639	430242	429321	418649	427303	416129	398903	381032	375002	367910	362329	366982
1	62	336380	344533	345928	343835	355732	366874	379135	386293	393575	408522	421370	428287	435355	438654	434001	435729	427432	426560	415997	424635	413566	396480	378749	372782	365760	360237
1	63	338723	333027	341358	342805	340793	352647	363756	375978	383139	390421	405311	418116	425038	432109	435437	430870	432634	424442	423621	413171	421790	410833	393895	376311	370413	363463
1	64	344106	335055	329697	338015	339514	337585	349392	360464	372642	379803	387085	401910	414669	421592	428666	432022	427544	429345	421262	420493	410163	418761	407920	391140	373711	367886
1	65	353019	340053	331413	326189	334492	336045	334201	345955	356986	369115	376274	383552	398307	411016	417939	425011	428396	424011	425849	417881	417165	406960	415535	404818	388202	370938
1	66	370692	348481	336023	327574	322488	330773	332379	330623	342321	353304	365379	372533	379806	394483	407135	414056	421124	424537	420250	422124	414276	413616	403543	412092	401504	385063
1	67	401134	365466	343959	331764	323513	318572	326833	328494	326829	338464	349394	361408	368554	375819	390411	403000	409915	416979	420418	416232	418144	410423	409819	399886	408405	397955
1	68	308634	394905	360251	339171	327252	319206	314415	322648	324365	322793	334358	345229	357158	364273	371526	386023	398541	405447	412503	415969	411890	413840	406253	405710	395927	404412
1	69	297414	303341	388688	354729	334096	322464	314632	309996	318197	319969	318494	329982	340750	352566	359664	366901	381293	393733	400627	407671	411163	407197	409185	401742	401262	391639
1	70	296179	291770	298057	382104	348873	328708	317377	309768	305294	313457	315284	313911	325272	335927	347659	354738	361954	376231	388582	395461	402489	406005	402158	404185	396894	396479
1	71	273379	289943	286140	292465	375125	342658	322983	311966	304589	300284	308403	310285	308997	320243	330818	342457	349511	356702	370852	383107	389966	396974	400512	396790	398854	391723
1	72	242111	267006	283741	280197	286552	367736	336070	316909	306217	299083	294953	303021	304959	303778	314921	325404	336942	343967	351127	365140	377288	384121	391105	394664	391072	393174
1	73	216089	235871	260690	277217	273935	280312	359929	329099	310475	300123	293239	289290	297300	299294	298223	309250	319634	331059	338049	345171	359033	371064	377866	384820	388400	384941
1	74	222378	209944	229708	254064	270364	267345	273737	351692	321735	303669	293670	287047	283284	291228	293276	292316	303218	313492	324792	331741	338818	352515	364415	371182	378098	381697
1	75	218365	215411	203889	223259	247120	263170	260416	266813	343006	313959	296474	286840	280487	276917	284786	286886	286041	296804	306956	318119	325019	332044	345560	357317	364041	370915
1	76	210403	210815	208561	197566	216512	239845	255620	253133	259524	333850	305751	288871	279615	273542	270170	277953	280104	279375	289986	300004	311014	317858	324823	338141	349742	356416
1	77	196229	202349	203398	201409	190954	209446	232212	247686	245466	251839	324183	297074	280824	271961	266176	263007	270694	272893	272284	282727	292597	303440	310217	317115	330218	341647
1	78	183406	187882	194444	195659	193935	184033	202037	224196	239338	237387	243730	313965	287890	272297	263842	258355	255396	262974	265218	264731	274988	284695	295356	302059	308878	321744
1	79	171366	174708	179712	186217	187591	186128	176793	194273	215780	230561	228877	235176	303169	278175	263265	255232	250054	247311	254766	257051	256688	266742	276270	286731	293346	300076
1	80	154878	162278	166221	171233	177660	179182	177979	169222	186141	206949	221335	219916	226154	291766	267898	253699	246104	241243	238721	246038	248362	248123	257957	267289	277526	284041
1	81	143293	145666	153441	157436	162436	168766	170425	169475	161308	177625	197685	211638	210483	216640	279721	257028	243570	236427	231894	229597	236760	239117	239006	248599	257710	267702
1	82	134979	133716	136750	144332	148359	153327	159534	161317	160614	153047	168720	187980	201460	200565	206620	267016	245547	232857	226180	221984	219916	226907	229293	229311	238637	247505
1	83	122881	124832	124506	127614	134972	139009	143919	149980	151872	151406	144446	159431	177838	190805	190161	196092	253643	233446	221550	215352	211501	209665	216468	218875	219018	228051
1	84	109047	112494	115154	115138	118295	125400	129421	134247	140135	142118	141879	135529	149781	167283	179692	179290	185071	239625	220739	209662	203954	200453	198855	205448	207865	208130
1	85	94562	98698	102688	105403	105673	108851	115671	119648	124363	130050	132101	132074	126336	139811	156354	168166	167992	173597	225003	207466	197226	192017	188872	187512	193868	196286
1	86	81066	84491	89030	92903	95644	96168	99338	105840	109743	114319	119774	121872	122039	116907	129564	145098	156270	156309	161710	209828	193670	184282	179579	176792	175662	181759
1	87	70907	71406	75208	79503	83229	85962	86708	89838	95989	99787	104192	109387	111508	111847	107311	119112	133592	144084	144316	149486	194195	179433	170909	166712	164275	163371
1	88	60111	61487	62640	66196	70221	73770	76463	77390	80447	86218	89880	94084	98991	101106	101595	97636	108550	121939	131715	132117	137028	178234	164878	157219	153515	151422
1	89	49450	51237	53084	54266	57554	61287	64630	67247	68316	71267	76630	80124	84096	88689	90771	91384	87978	97982	110252	119282	119827	124454	162099	150139	143329	140108
1	90	40666	41367	43465	45190	46370	49374	52794	55906	58414	59582	62394	67327	70623	74335	78592	80614	81322	78438	87517	98651	106910	107571	111893	145950	135356	129377
1	91	32830	33325	34422	36295	37881	39028	41736	44828	47687	50053	51277	53920	58404	61474	64903	68803	70738	71512	69113	77263	87257	94729	95481	99476	129949	120683
1	92	26423	26310	27155	28145	29790	31222	32310	34715	37470	40058	42254	43491	45938	49962	52783	55911	59438	61261	62071	60115	67344	76206	82892	83704	87350	114289
1	93	20496	20667	20958	21704	22580	23999	25267	26273	28373	30789	33095	35096	36309	38536	42098	44650	47462	50608	52297	53116	51558	57884	65643	71548	72385	75671
1	94	14103	15612	16061	16341	16984	17742	18942	20041	20949	22750	24831	26847	28637	29792	31783	34887	37158	39647	42409	43948	44749	43539	48999	55694	60831	61667
1	95	8188	10436	11811	12189	12446	12986	13627	14620	15550	16349	17862	19619	21348	22917	23985	25733	28389	30375	32539	34923	36299	37060	36151	40787	46470	50868
1	96	5076	5873	7666	8705	9014	9239	9682	10210	11013	11782	12464	13706	15159	16611	17954	18915	20416	22647	24350	26196	28217	29421	30125	29468	33333	38072
1	97	3628	3518	4181	5473	6236	6482	6672	7024	7446	8078	8698	9262	10260	11432	12624	13747	14585	15845	17682	19110	20651	22330	23363	23995	23540	26701
1	98	2517	2420	2417	2882	3784	4328	4517	4671	4942	5269	5752	6238	6691	7469	8392	9343	10258	10968	12000	13476	14646	15904	17269	18133	18683	18385
1	99	1643	1610	1599	1603	1918	2527	2902	3042	3161	3364	3609	3967	4335	4686	5276	5982	6721	7444	8026	8848	10005	10940	11942	13026	13728	14193
1	100	1011	1006	1023	1019	1024	1230	1627	1877	1976	2066	2212	2387	2645	2914	3178	3611	4134	4692	5246	5707	6344	7227	7954	8732	9568	10124
1	101	578	590	612	624	624	629	758	1007	1167	1236	1300	1401	1523	1702	1891	2081	2390	2765	3171	3583	3936	4414	5070	5618	6204	6833
1	102	304	322	342	356	364	365	370	447	599	697	743	786	853	934	1054	1181	1313	1526	1786	2071	2367	2628	2976	3449	3848	4276
1	103	161	159	177	189	198	203	204	208	253	341	398	427	455	498	549	626	709	797	938	1111	1305	1510	1695	1941	2269	2552
1	104	82	80	84	93	100	104	108	109	112	137	184	217	234	252	277	309	356	409	464	555	664	792	928	1056	1222	1441
1	105 - 109	73	67	68	70	75	82	87	91	95	100	116	148	182	206	229	256	291	337	390	452	543	661	806	979	1160	1374
1	110 and over	2	1	0	0	0	0	0	0	0	0	1	1	1	1	1	1	1	2	3	3	3	4	5	7	9	12
2	0	379368	375417	376034	376379	376416	375720	374453	372732	370808	368287	365011	361282	357261	353451	350093	347057	344423	342268	340603	339468	338862	338792	339208	340023	341144	342386
2	1	389551	379104	375179	375800	376151	376192	375501	374240	372525	370605	368089	364819	361094	357080	353274	349920	346890	344259	342108	340445	339314	338710	338641	339059	339876	340998
2	2	403951	389463	379028	375105	375727	376079	376122	375432	374172	372460	370541	368027	364758	361034	357022	353217	349864	346837	344207	342057	340395	339265	338661	338594	339012	339830
2	3	398986	403894	389414	378981	375059	375682	376035	376079	375390	374131	372419	370501	367988	364720	360997	356987	353183	349830	346804	344176	342026	340365	339235	338631	338565	338983
2	4	392241	398943	403854	389376	378947	375026	375649	376003	376048	375359	374101	372390	370472	367960	364693	360970	356961	353158	349805	346780	344152	342002	340342	339213	338609	338544
2	5	388490	392204	398910	403822	389345	378918	374998	375621	375976	376021	375333	374075	372365	370448	367936	364670	360947	356940	353137	349785	346760	344132	341983	340323	339194	338590
2	6	391280	388458	392175	398881	403793	389318	378892	374973	375596	375952	375997	375310	374053	372344	370427	367916	364650	360928	356921	353118	349767	346742	344114	341966	340306	339177
2	7	377729	391251	388431	392148	398855	403767	389293	378868	374950	375574	375931	375976	375290	374033	372325	370408	367897	364632	360910	356904	353101	349750	346726	344098	341950	340290
2	8	370572	377702	391226	388406	392124	398831	403743	389270	378847	374930	375554	375911	375957	375271	374015	372307	370390	367880	364615	360893	356888	353086	349735	346712	344084	341936
2	9	355814	370546	377678	391202	388383	392101	398808	403720	389249	378827	374911	375535	375892	375939	375253	373997	372291	370374	367864	364600	360878	356873	353072	349721	346698	344070
2	10	349411	355790	370523	377655	391179	388360	392079	398786	403699	389229	378808	374893	375517	375875	375922	375236	373981	372275	370358	367849	364585	360863	356859	353058	349707	346684
2	11	339211	349386	355767	370499	377632	391155	388337	392056	398763	403678	389210	378789	374875	375499	375857	375905	375219	373964	372259	370342	367833	364570	360848	356844	353044	349693
2	12	334246	339185	349361	355744	370474	377607	391130	388313	392033	398740	403655	389188	378768	374856	375480	375838	375887	375201	373946	372242	370325	367816	364554	360832	356828	353029
2	13	344292	334216	339157	349333	355716	370446	377579	391102	388286	392006	398713	403629	389163	378744	374833	375457	375815	375865	375179	373925	372222	370306	367798	364536	360814	356811
2	14	351786	344256	334184	339125	349301	355684	370414	377547	391070	388254	391976	398683	403599	389134	378716	374806	375430	375789	375839	375153	373900	372197	370282	367774	364513	360792
2	15	363542	351742	344217	334148	339089	349265	355648	370378	377511	391034	388218	391941	398648	403564	389101	378684	374775	375399	375759	375810	375124	373872	372169	370254	367747	364486
2	16	368365	363489	351694	344172	334106	339047	349223	355607	370337	377469	390991	388176	391901	398608	403524	389064	378648	374740	375364	375725	375776	375091	373839	372137	370222	367716
2	17	379140	368301	363434	351641	344122	334058	339001	349176	355561	370290	377422	390943	388130	391855	398562	403479	389021	378607	374699	375324	375685	375737	375053	373802	372100	370186
2	18	378465	379068	368238	363374	351584	344068	334006	338950	349125	355509	370237	377369	390890	388079	391805	398511	403429	388973	378561	374654	375279	375642	375694	375011	373760	372059
2	19	385249	378386	378997	368170	363310	351523	344009	333951	338896	349070	355454	370181	377313	390834	388024	391750	398456	403374	388922	378511	374605	375231	375594	375647	374964	373714
2	20	402761	385164	378310	378923	368100	363243	351460	343948	333892	338838	349011	355395	370121	377253	390773	387965	391691	398397	403317	388867	378458	374553	375180	375543	375597	374914
2	21	409355	402668	385082	378232	378847	368027	363173	351395	343886	333832	338778	348951	355335	370059	377191	390711	387904	391631	398336	403257	388809	378403	374499	375127	375490	375545
2	22	431579	409258	402581	385000	378154	378770	367954	363102	351329	343823	333772	338718	348890	355274	369997	377129	390648	387842	391569	398274	403196	388751	378346	374443	375072	375435
2	23	440935	431474	409167	402495	384918	378076	378694	367881	363031	351261	343759	333712	338658	348829	355213	369935	377066	390584	387780	391507	398212	403133	388691	378289	374387	375016
2	24	434269	440824	431376	409076	402407	384836	377996	378616	367807	362960	351193	343694	333650	338597	348766	355150	369871	377002	390518	387715	391443	398148	403070	388630	378230	374329
2	25	435179	434156	440720	431277	408983	402317	384752	377915	378536	367731	362887	351123	343628	333586	338533	348701	355085	369804	376935	390450	387648	391376	398081	403003	388566	378169
2	26	443113	435061	434048	440612	431173	408886	402223	384664	377830	378452	367651	362810	351050	343558	333518	338465	348632	355016	369733	376864	390378	387577	391305	398010	402932	388497
2	27	437852	442983	434945	433933	440498	431063	408783	402123	384570	377739	378363	367565	362728	350970	343482	333445	338392	348558	354942	369657	376788	390298	387499	391228	397931	402855
2	28	437743	437711	442852	434819	433809	440374	430943	408671	402015	384468	377641	378266	367472	362637	350882	343399	333364	338311	348476	354860	369573	376703	390212	387414	391143	397846
2	29	440382	437591	437570	442711	434682	433675	440239	430813	408549	401897	384357	377533	378159	367371	362538	350787	343307	333275	338223	348386	354770	369480	376610	390116	387320	391050
2	30	432642	440215	437437	437418	442560	434535	433530	440094	430672	408416	401768	384237	377416	378042	367261	362430	350683	343207	333179	338127	348289	354672	369380	376509	390013	387218
2	31	437664	432464	440046	437271	437255	442398	434377	433374	439937	430520	408273	401629	384106	377290	377918	367141	362313	350571	343100	333075	338023	348183	354566	369271	376400	389902
2	32	439217	437468	432285	439866	437094	437080	442224	434208	433208	439769	430357	408120	401481	383966	377154	377784	367013	362187	350452	342985	332964	337912	348070	354453	369155	376283
2	33	441807	439004	437273	432095	439675	436906	436894	442037	434027	433029	439589	430183	407957	401323	383817	377010	377641	366876	362053	350324	342861	332845	337794	347949	354332	369031
2	34	441724	441577	438793	437066	431893	439471	436706	436696	441839	433834	432839	439397	429997	407784	401154	383658	376856	377489	366731	361911	350188	342729	332718	337667	347820	354202
2	35	422382	441474	441347	438567	436843	431677	439252	436492	436484	441627	433628	432635	439193	429799	407599	400974	383488	376691	377326	366576	361760	350043	342589	332583	337532	347683
2	36	394082	422123	441223	441099	438325	436604	431444	439017	436261	436256	441398	433406	432418	438973	429586	407400	400780	383304	376514	377152	366408	361597	349887	342438	332438	337387
2	37	387352	393817	421861	440953	440831	438062	436345	431192	438764	436012	436010	441152	433167	432182	438735	429355	407185	400571	383107	376324	376963	366227	361421	349718	342274	332282
2	38	396798	387066	393548	421577	440660	440542	437778	436064	430919	438489	435743	435743	440884	432907	431926	438477	429106	406952	400344	382893	376117	376759	366031	361230	349535	342098
2	39	404756	396477	386778	393258	421271	440343	440230	437470	435761	430624	438191	435451	435456	440596	432627	431650	438199	428836	406701	400099	382662	375894	376538	365819	361022	349338
2	40	412848	404398	396153	386468	392946	420941	440001	439893	437139	435435	430307	437871	435137	435147	440286	432326	431353	437900	428547	406431	399836	382414	375654	376300	365591	360800
2	41	430838	412450	404038	395806	386135	392611	420587	439635	439533	436785	435087	429968	437529	434801	434816	439955	432005	431036	437581	428239	406143	399555	382150	375398	376047	365347
2	42	450342	430385	412052	403654	395435	385777	392254	420210	439246	439149	436408	434716	429608	437166	434446	434465	439604	431665	430701	437244	427913	405839	399258	381870	375128	375780
2	43	468294	449829	429935	411628	403245	395041	385399	391876	419810	438834	438742	436010	434324	429227	436783	434071	434096	439235	431307	430347	436890	427570	405518	398946	381575	374842
2	44	456973	467716	449320	429458	411177	402812	394623	384998	391475	419388	438399	438313	435590	433911	428825	436380	433676	433706	438846	430929	429974	436515	427209	405180	398617	381265
2	45	469255	456362	467142	448779	428950	410700	402353	394180	384573	391050	418941	437940	437859	435146	433476	428401	435955	433259	433294	438436	430530	429581	436120	426827	404823	398270
2	46	469484	468570	455753	466531	448203	428410	410193	401865	393709	384122	390600	418466	437451	437378	434676	433014	427951	435503	432816	432857	438000	430107	429165	435702	426422	404444
2	47	474129	468735	467887	455102	465877	447586	427832	409650	401342	393206	383642	390119	417959	436929	436864	434173	432520	427470	435020	432342	432390	437534	429655	428719	435254	425988
2	48	476499	473299	467984	467153	454404	465175	446925	427213	409067	400781	392666	383124	389601	417414	436368	436312	433631	431989	426954	434501	431833	431886	437031	429168	428238	434771
2	49	480520	475582	472466	467177	466364	453651	464419	446213	426545	408438	400177	392083	382566	389042	416825	435762	435714	433045	431414	426394	433938	431281	431341	436486	428641	427716
2	50	475802	479502	474662	471570	466307	465512	452839	463603	445444	425822	407758	399523	391452	381962	388437	416186	435104	435065	432408	430790	425785	433326	430680	430748	435893	428065
2	51	465288	474694	478480	473670	470604	465369	464593	451962	462721	444610	425040	407022	398813	390766	381303	387778	415491	434387	434358	431713	430109	425121	432658	430024	430100	435245
2	52	454042	464104	473588	477386	472607	469567	464361	463605	451018	461770	443712	424197	406227	398045	390025	380591	387064	414737	433610	433592	430961	429370	424400	431932	429312	429397
2	53	438923	452780	462921	472403	476213	471467	468454	463279	462544	450003	460748	442746	423287	405370	397217	389226	379823	386292	413923	432770	432764	430147	428570	423619	431147	428540
2	54	421507	437585	451514	461650	471129	474952	470241	467256	462113	461400	448906	459643	441701	422304	404442	396322	388361	378991	385456	413041	431860	431865	429264	427702	422771	430294
2	55	412983	420097	436243	450154	460282	469757	473592	468918	465962	460853	460162	447721	458448	440569	421238	403438	395350	387421	378089	384550	412083	430871	430888	428305	426758	421849
2	56	403713	411465	418680	434798	448689	458809	468278	472126	467490	464565	459493	458825	446439	457156	439346	420085	402349	394298	386404	377111	383568	411044	429799	429828	427263	425734
2	57	389635	402087	409943	417160	433248	447116	457227	466689	470551	465956	463063	458030	457387	445061	455765	438028	418844	401177	393165	385307	376056	382508	409923	428641	428685	426138
2	58	375852	387920	400464	408316	415534	431588	445432	455532	464987	468862	464310	461452	456460	455844	443580	454271	436612	417508	399917	391946	384128	374921	381367	408716	427395	427453
2	59	363134	374048	386210	398728	406576	413794	429811	443627	453717	463165	467052	462546	459725	454775	454186	441990	452666	435091	416074	398563	390635	382860	373700	380139	407417	426053
2	60	364896	361237	372251	384385	396876	404719	411937	427912	441699	451775	461214	465115	460658	457876	452972	452410	440288	450947	433460	414536	397109	389229	381499	372389	378821	406022
2	61	360037	362825	359351	370339	382442	394903	402739	409956	425887	439643	449703	459132	463048	458640	455901	451044	450512	438466	449107	431714	412890	395553	387723	380040	370983	377409
2	62	351210	357819	360769	357346	368304	380374	392802	400631	407845	423728	437450	447493	456910	460840	456486	453790	448985	448483	436519	447139	429847	411128	393888	386110	378477	369478
2	63	354230	348858	355617	358584	355214	366139	378173	390565	398386	405596	421428	435113	445137	454540	458484	454187	451537	446785	446315	434438	445036	427850	409243	392106	384385	376805
2	64	362424	351648	346526	353275	356260	352946	363835	375830	388184	395995	403201	418976	432621	442625	452012	455971	451732	449130	444434	443999	432214	442786	425714	407227	390199	382538
2	65	370569	359549	349087	344044	350785	353787	350532	361383	373335	385647	393447	400647	416361	429961	439944	449312	453286	449109	446558	441921	441523	429834	440380	423429	405068	388157
2	66	390854	367356	356691	346359	341400	348131	351150	347957	358767	370672	382939	390726	397918	413567	427119	437077	446424	450413	446302	443804	439230	438869	427284	437801	420979	402754
2	67	422532	387138	364156	353641	343447	338576	345296	348333	345204	355970	367824	380042	387813	394995	410574	424073	434003	443328	447331	443291	440848	436341	436019	424544	435030	418346
2	68	327926	418111	383433	360737	350380	340331	335554	342260	345315	342256	352972	364770	376923	384664	391835	407336	420776	430674	439975	443992	440028	437644	433208	432929	421572	432022
2	69	319014	324142	413699	379469	357075	346887	336993	332315	339003	342077	339092	349754	361468	373538	381257	388414	403830	417206	427069	436340	440373	436490	434169	429808	429575	418347
2	70	317850	314945	320363	408975	375221	353150	343140	333410	328836	335506	338598	335690	346270	357893	369896	377592	384735	400057	413362	423185	432425	436473	432674	430420	426141	425955
2	71	298903	313363	310884	316320	403916	370668	348940	339120	329564	325102	331749	334860	332022	342525	354077	366007	373677	380802	396023	409251	419030	428234	432297	428588	426404	422211
2	72	269362	294225	308890	306542	311994	398500	365789	344426	334808	325436	321091	327714	330844	328093	338526	349999	361851	369490	376595	391705	404850	414579	423744	427821	424208	422098
2	73	244678	264684	289561	304105	301894	307359	392691	360556	339580	330175	321000	316779	323373	326522	323863	334220	345606	357372	364975	372058	387048	400100	409774	418894	422985	419475
2	74	252632	239952	260020	284571	298982	296914	302388	386456	354935	334372	325193	316226	312138	318699	321867	319303	329577	340868	352539	360104	367160	382017	394966	404580	413651	417755
2	75	250767	247207	235244	255032	279231	293494	291574	297053	379761	348894	328772	319833	311088	307139	313662	316849	314388	324568	335757	347322	354843	361867	376579	389416	398964	407979
2	76	243576	244759	241801	230208	249691	273507	287605	285841	291319	372560	342393	322740	314056	305547	301745	308227	311431	309079	319158	330233	341680	349152	356139	370693	383405	392879
2	77	232435	237036	238769	236014	224812	243962	267364	281277	279674	285147	364804	335382	316233	307819	299563	295917	302351	305572	303335	313301	324250	335569	342984	349929	364307	376884
2	78	222261	225411	230517	232355	229809	219021	237809	260756	274465	273027	278490	356431	327809	309199	301073	293087	289606	295986	299221	297107	306948	317758	328934	336286	343182	357367
2	79	211358	214673	218414	223538	225481	223152	212802	231191	253643	267124	265859	271302	347384	319618	301587	293769	286069	282765	289081	292330	290347	300049	310705	321723	329002	335842
2	80	196703	203183	207126	210934	216069	218115	216010	206120	224075	245985	259213	258125	263541	337605	310759	293346	285856	278462	275346	281591	284850	283006	292554	303039	313881	321078
2	81	187790	188064	195077	199082	202948	208082	210226	208353	198947	216427	237746	250692	249786	255165	327041	301181	284430	277288	270221	267303	273467	276733	275036	284414	294709	305356
2	82	182572	178428	179541	186475	190530	194445	199566	201802	200164	191269	208230	228905	241536	240816	246147	315656	290851	274805	268032	261314	258604	264674	267945	266402	275591	285676
2	83	173687	172239	169244	170545	177378	181470	185423	190515	192835	191437	183075	199471	219445	231728	231196	236466	303422	279739	264445	258061	251710	249220	255184	258453	257072	266053
2	84	162214	162528	162157	159597	161075	167787	171901	175876	180920	183315	182157	174351	190133	209347	221246	220903	226095	290303	267812	253315	247341	241379	239117	244961	248222	247011
2	85	145959	150387	151717	151634	149508	151155	157718	161836	165815	170790	173248	172330	165100	180217	198608	210084	209929	215024	276286	255055	241400	235855	230301	228276	233984	237230
2	86	130835	133890	139026	140521	140715	139018	140820	147205	151305	155268	160149	162656	161973	155336	169735	187243	198251	198282	203260	261375	241469	228700	223601	218473	216693	222247
2	87	118553	118585	122411	127366	129008	129464	128185	130122	136297	140356	144277	149039	151577	151122	145091	158720	175281	185779	185988	190828	245596	227079	215233	210595	205910	204378
2	88	106998	106010	107078	110764	115510	117277	117973	117095	119141	125074	129063	132915	137531	140076	139839	134422	147229	162780	172727	173103	177781	229017	211941	201052	196885	192655
2	89	93950	94243	94393	95552	99074	103582	105445	106356	105852	107980	113635	117521	121275	125715	128244	128209	123406	135343	149830	159182	159710	164203	211740	196146	186240	182549
2	90	82630	81369	82616	82929	84154	87485	91727	93654	94745	94581	96757	102099	105851	109474	113707	116193	116342	112144	123169	136542	145261	145924	150204	193904	179817	170911
2	91	72032	70245	70119	71345	71793	73053	76168	80117	82071	83302	83436	85625	90620	94203	97664	101657	104073	104380	100771	110853	123072	131122	131899	135941	175705	163135
2	92	62358	59987	59393	59416	60603	61150	62415	65290	68920	70861	72191	72574	74738	79354	82735	85999	89722	92041	92479	89434	98549	109589	116941	117808	121586	157364
2	93	52393	50759	49666	49283	49423	50548	51160	52398	55013	58302	60191	61572	62152	64251	68462	71609	74646	78074	80266	80807	78289	86428	96279	102915	103844	107336
2	94	39318	41597	41078	40282	40070	40295	41336	41980	43161	45500	48434	50230	51618	52338	54336	58121	61006	63791	66901	68941	69552	67518	74686	83358	89270	90233
2	95	24889	30386	32848	32512	31962	31880	32156	33098	33742	34839	36894	39465	41135	42485	43291	45151	48502	51103	53615	56393	58259	58908	57309	63528	71051	76244
2	96	16903	18700	23375	25335	25140	24782	24793	25091	25923	26540	27529	29301	31513	33029	34302	35141	36835	39752	42055	44284	46723	48399	49055	47834	53148	59573
2	97	13102	12326	14005	17545	19069	18978	18762	18833	19130	19845	20413	21282	22777	24643	25986	27151	27978	29487	31981	33983	35922	38026	39502	40142	39239	43706
2	98	10008	9262	8973	10223	12838	13996	13972	13859	13961	14238	14838	15340	16084	17317	18858	20018	21054	21834	23148	25238	26945	28600	30382	31656	32257	31614
2	99	7155	6847	6544	6358	7265	9148	10006	10023	9976	10090	10335	10823	11253	11871	12865	14110	15086	15980	16686	17803	19521	20946	22330	23810	24889	25435
2	100	4888	4728	4689	4493	4377	5017	6337	6957	6995	6989	7098	7305	7692	8046	8546	9327	10309	11108	11858	12474	13400	14783	15947	17080	18283	19177
2	101	3126	3110	3129	3112	2989	2921	3361	4259	4696	4739	4756	4852	5019	5317	5599	5989	6588	7341	7978	8589	9107	9854	10944	11872	12778	13736
2	102	1837	1910	1984	2001	1996	1923	1886	2177	2772	3068	3110	3135	3215	3344	3566	3782	4078	4525	5086	5580	6061	6482	7070	7905	8629	9336
2	103	1071	1058	1155	1204	1217	1218	1178	1159	1344	1720	1912	1948	1974	2035	2131	2288	2447	2661	2981	3385	3753	4117	4445	4890	5510	6055
2	104	613	577	602	659	689	699	702	682	674	786	1010	1129	1157	1179	1222	1291	1397	1507	1655	1874	2152	2413	2679	2922	3246	3688
2	105 - 109	692	614	604	613	651	689	714	732	731	730	796	961	1119	1225	1296	1363	1445	1563	1706	1887	2139	2474	2854	3269	3697	4190
2	110 and over	14	10	9	9	9	8	8	8	9	9	9	10	11	11	12	13	19	22	25	28	30	34	37	44	54	69
