2014-based projected population by sex and single year of age, Scotland 2014-2039																										
													2014-based projected population by sex and single year of age, Scotland 2014-2039 (continued)													
	2014	2015	2016	2017	2018	2019	2020	2021	2022	2023	2024	2025	2026	2027	2028	2029	2030	2031	2032	2033	2034	2035	2036	2037	2038	2039
																										
PERSONS													PERSONS													
All ages	5347600	5364732	5380278	5395632	5411524	5427982	5444919	5462255	5479651	5497051	5514402	5531581	5548442	5564854	5580706	5595826	5610151	5623630	5636210	5647883	5658708	5668657	5677815	5686286	5694142	5701476
0	56297	55851	55598	55289	55641	56138	56571	56929	57205	57404	57529	57604	57577	57465	57303	57078	56823	56575	56352	56173	56006	55849	55748	55722	55753	55835
1	57452	56658	56145	55894	55588	55945	56446	56883	57242	57519	57720	57847	57921	57895	57784	57622	57395	57141	56894	56670	56492	56325	56168	56067	56041	56072
2	59228	57744	56879	56368	56120	55816	56176	56681	57121	57480	57757	57958	58087	58161	58135	58022	57860	57633	57380	57133	56909	56731	56564	56406	56306	56280
3	61007	59463	57913	57051	56541	56294	55996	56358	56863	57304	57664	57942	58143	58272	58347	58320	58206	58043	57818	57567	57320	57093	56914	56748	56589	56490
4	58246	61203	59600	58054	57193	56684	56439	56146	56508	57011	57454	57816	58094	58295	58425	58500	58472	58357	58195	57969	57718	57471	57244	57064	56900	56740
5	59776	58421	61327	59728	58184	57324	56816	56573	56281	56643	57146	57589	57952	58230	58431	58562	58637	58608	58493	58331	58105	57855	57608	57381	57201	57037
6	59654	59932	58530	61437	59843	58299	57440	56933	56690	56398	56759	57262	57706	58069	58348	58551	58682	58758	58728	58612	58452	58224	57974	57727	57500	57319
7	57256	59783	60026	58625	61532	59943	58399	57541	57033	56790	56498	56860	57364	57806	58171	58451	58654	58783	58860	58830	58715	58554	58327	58076	57829	57602
8	56157	57365	59860	60108	58706	61617	60028	58486	57627	57119	56875	56583	56945	57449	57891	58257	58537	58741	58869	58946	58917	58802	58640	58414	58162	57916
9	55742	56256	57432	59931	60183	58783	61693	60106	58562	57703	57195	56952	56661	57022	57526	57968	58334	58614	58820	58948	59026	58996	58882	58719	58493	58240
10	54680	55841	56327	57504	60007	60261	58862	61772	60186	58642	57782	57274	57032	56740	57099	57605	58049	58414	58694	58901	59029	59106	59077	58963	58800	58573
11	53042	54778	55909	56398	57578	60082	60339	58941	61853	60265	58722	57861	57352	57111	56818	57178	57685	58129	58493	58773	58982	59108	59186	59157	59044	58881
12	52773	53120	54827	55961	56453	57635	60140	60399	59000	61913	60326	58781	57920	57411	57171	56878	57238	57745	58189	58554	58834	59044	59170	59247	59218	59105
13	54991	52851	53168	54875	56012	56505	57688	60196	60451	59053	61970	60383	58837	57975	57467	57226	56933	57295	57800	58245	58610	58890	59100	59226	59305	59275
14	56376	55086	52915	53234	54943	56082	56577	57761	60269	60524	59128	62044	60459	58912	58051	57542	57300	57006	57370	57875	58321	58686	58965	59176	59302	59381
15	58605	56481	55159	52990	53310	55022	56163	56659	57843	60352	60606	59210	62127	60542	58997	58134	57625	57382	57088	57452	57958	58404	58770	59050	59261	59387
16	59820	58729	56569	55249	53083	53404	55117	56260	56756	57940	60450	60706	59310	62226	60643	59098	58234	57724	57481	57187	57552	58057	58503	58870	59150	59361
17	62081	60055	58915	56756	55438	53273	53592	55306	56451	56949	58136	60648	60908	59511	62428	60846	59301	58435	57925	57680	57386	57751	58256	58703	59071	59353
18	63580	62959	60833	59678	57517	56189	54018	54327	56043	57201	57708	58901	61422	61700	60305	63216	61652	60094	59219	58702	58453	58159	58523	59030	59482	59853
19	66767	65443	64631	62491	61319	59139	57790	55600	55893	57618	58800	59322	60529	63079	63382	61984	64898	63350	61769	60873	60346	60093	59795	60160	60672	61131
20	69591	68854	67275	66458	64312	63124	60926	59559	57346	57629	59370	60571	61105	62327	64911	65229	63819	66749	65201	63599	62686	62155	61896	61594	61962	62476
21	70981	71275	70260	68683	67875	65723	64536	62332	60953	58731	59010	60758	61968	62508	63740	66338	66665	65247	68188	66639	65025	64106	63574	63310	63008	63376
22	76655	72422	72402	71398	69834	69033	66888	65708	63501	62120	59895	60174	61924	63139	63681	64914	67517	67847	66427	69373	67823	66207	65285	64754	64488	64185
23	77059	77623	73044	73054	72068	70522	69742	67610	66441	64238	62870	60648	60937	62686	63896	64431	65661	68260	68579	67157	70110	68550	66938	66026	65498	65233
24	73341	77385	77602	73056	73107	72138	70618	69862	67743	66589	64401	63049	60845	61143	62881	64082	64605	65827	68409	68713	67297	70242	68677	67079	66178	65659
25	72174	73535	77270	77490	72984	73057	72107	70611	69863	67755	66612	64438	63098	60910	61211	62940	64131	64648	65864	68430	68728	67317	70251	68686	67099	66206
26	72901	72448	73558	77289	77518	73035	73130	72192	70703	69962	67861	66725	64558	63225	61047	61351	63075	64261	64773	65985	68543	68837	67429	70358	68791	67211
27	70831	73200	72525	73640	77380	77614	73153	73259	72324	70842	70102	68009	66878	64717	63387	61218	61521	63244	64425	64934	66143	68697	68989	67582	70508	68939
28	70296	71126	73299	72631	73757	77501	77741	73297	73405	72472	70994	70255	68168	67042	64884	63557	61392	61699	63419	64597	65104	66311	68863	69153	67749	70670
29	69960	70536	71197	73374	72716	73851	77598	77845	73407	73515	72586	71110	70373	68291	67166	65011	63687	61528	61835	63553	64732	65236	66442	68992	69281	67877
30	67738	70193	70618	71284	73468	72819	73959	77710	77957	73526	73635	72707	71232	70498	68421	67294	65144	63823	61664	61972	63691	64869	65371	66576	69124	69413
31	68791	67965	70288	70717	71394	73582	72940	74086	77834	78082	73657	73764	72837	71364	70631	68556	67430	65282	63962	61807	62115	63831	65010	65512	66716	69263
32	69734	68971	68035	70360	70796	71479	73669	73034	74179	77925	78175	73752	73861	72933	71462	70729	68656	67531	65385	64067	61913	62220	63937	65116	65618	66824
33	69279	69903	69043	68112	70442	70884	71569	73763	73130	74273	78018	78272	73853	73959	73033	71563	70829	68757	67633	65490	64173	62019	62325	64042	65222	65727
34	67955	69440	69978	69123	68200	70532	70976	71669	73862	73231	74373	78115	78373	73959	74061	73136	71668	70933	68861	67737	65596	64279	62127	62432	64149	65330
35	65523	68102	69512	70058	69209	68287	70622	71073	71767	73957	73329	74470	78210	78473	74061	74160	73236	71768	71033	68963	67838	65700	64382	62231	62535	64252
36	61183	65657	68172	69587	70138	69292	68376	70712	71165	71859	74050	73422	74563	78305	78569	74160	74256	73334	71866	71131	69061	67936	65800	64482	62331	62633
37	60046	61289	65703	68221	69643	70196	69355	68443	70776	71232	71925	74114	73491	74632	78372	78643	74234	74328	73408	71939	71205	69135	68012	65876	64560	62408
38	63747	60118	61309	65723	68246	69674	70229	69393	68478	70810	71269	71960	74150	73530	74672	78408	78683	74278	74370	73451	71982	71250	69182	68059	65923	64610
39	64388	63770	60105	61294	65709	68237	69664	70226	69390	68476	70806	71266	71959	74148	73528	74671	78405	78683	74284	74373	73454	71988	71258	69191	68070	65936
40	65328	64401	63741	60083	61274	65688	68219	69649	70212	69377	68464	70792	71254	71948	74135	73517	74660	78391	78675	74279	74369	73451	71986	71258	69192	68072
41	69348	65351	64389	63731	60080	61269	65682	68217	69649	70213	69381	68468	70796	71259	71952	74140	73525	74665	78397	78686	74296	74382	73466	72004	71275	69211
42	73800	69344	65323	64361	63706	60060	61248	65662	68198	69631	70197	69368	68458	70782	71248	71942	74129	73516	74658	78388	78681	74298	74378	73465	72005	71278
43	76644	73768	69293	65277	64317	63663	60026	61210	65623	68161	69594	70163	69337	68427	70752	71218	71915	74100	73492	74634	78361	78659	74281	74359	73449	71990
44	75798	76604	73714	69247	65235	64276	63627	59996	61176	65590	68128	69563	70133	69311	68402	70724	71193	71891	74077	73475	74616	78342	78643	74270	74347	73439
45	78704	75735	76523	73642	69184	65176	64221	63574	59948	61127	65539	68077	69514	70087	69267	68360	70681	71154	71853	74037	73440	74582	78308	78612	74243	74317
46	80275	78621	75644	76435	73562	69112	65110	64159	63513	59894	61070	65479	68020	69459	70033	69217	68312	70631	71107	71808	73992	73399	74540	78264	78573	74208
47	80894	80167	78511	75543	76333	73469	69028	65035	64087	63442	59828	61004	65409	67953	69392	69970	69155	68253	70572	71049	71752	73936	73348	74488	78210	78523
48	80402	80763	80035	78388	75426	76219	73365	68934	64948	64002	63361	59754	60927	65328	67874	69315	69895	69085	68184	70501	70980	71684	73868	73284	74424	78145
49	83320	80269	80626	79904	78266	75315	76112	73266	68843	64866	63923	63285	59682	60855	65252	67799	69243	69824	69018	68120	70436	70917	71623	73803	73224	74365
50	82301	83174	80135	80495	79780	78152	75211	76009	73173	68760	64790	63848	63213	59618	60789	65182	67731	69179	69762	68957	68063	70379	70863	71569	73749	73173
51	82094	82150	83028	80003	80367	79661	78042	75111	75909	73083	68681	64719	63775	63144	59558	60724	65114	67667	69117	69705	68904	68012	70326	70814	71521	73700
52	80198	81916	81983	82868	79860	80227	79530	77919	74999	75798	72983	68592	64637	63694	63066	59490	60653	65040	67596	69048	69638	68842	67952	70263	70754	71464
53	78284	79976	81702	81781	82671	79680	80050	79363	77761	74853	75653	72849	68470	64525	63584	62961	59395	60557	64935	67495	68949	69541	68751	67861	70169	70664
54	75709	78018	79724	81454	81542	82437	79465	79841	79161	77571	74675	75476	72684	68319	64385	63449	62830	59275	60434	64805	67367	68823	69417	68632	67745	70050
55	75231	75415	77734	79446	81181	81279	82178	79228	79607	78936	77357	74473	75276	72497	68149	64228	63296	62682	59140	60294	64659	67220	68676	69274	68492	67612
56	73040	74910	75118	77436	79153	80894	81001	81905	78975	79358	78696	77129	74258	75061	72298	67969	64060	63132	62521	58994	60146	64500	67062	68517	69118	68342
57	71239	72701	74588	74807	77125	78848	80593	80712	81619	78709	79096	78443	76889	74033	74836	72089	67777	63883	62959	62352	58841	59989	64333	66896	68350	68955
58	68986	70858	72344	74233	74460	76784	78508	80257	80385	81297	78407	78799	78158	76616	73775	74580	71849	67556	63678	62760	62158	58663	59809	64143	66701	68157
59	66112	68560	70457	71945	73837	74074	76398	78125	79877	80014	80930	78064	78459	77831	76299	73479	74284	71571	67299	63439	62526	61930	58453	59596	63919	66473
60	65213	65674	68140	70039	71532	73426	73675	75997	77726	79479	79628	80547	77705	78104	77487	75970	73171	73975	71282	67032	63191	62282	61693	58233	59372	63681
61	64041	64738	65239	67699	69599	71100	72997	73256	75575	77303	79061	79220	80141	77324	77727	77121	75620	72842	73646	70973	66745	62925	62021	61439	57997	59132
62	61738	63517	64251	64765	67218	69122	70626	72524	72793	75107	76836	78593	78765	79689	76899	77306	76713	75227	72469	73275	70623	66421	62623	61726	61149	57727
63	62323	61173	62982	63729	64254	66700	68605	70115	72011	72289	74599	76328	78084	78268	79196	76433	76844	76264	74795	72058	72866	70236	66064	62289	61399	60829
64	62486	61689	60601	62411	63167	63705	66142	68049	69560	71456	71742	74047	75773	77531	77725	78656	75923	76337	75771	74319	71606	72415	69810	65669	61919	61038
65	64029	61779	61050	59991	61798	62566	63115	65544	67449	68961	70854	71150	73447	75172	76929	77134	78068	75366	75784	75231	73798	71111	71922	69342	65234	61513
66	65871	63215	61053	60354	59325	61129	61906	62468	64887	66788	68300	70191	70495	72786	74506	76262	76479	77414	74746	75167	74628	73215	70555	71369	68815	64745
67	71190	64926	62381	60267	59598	58601	60402	61185	61758	64166	66062	67574	69458	69773	72053	73769	75521	75747	76684	74053	74479	73956	72564	69937	70749	68225
68	53809	70052	63977	61492	59430	58792	57826	59621	60413	60997	63390	65280	66787	68658	68983	71252	72963	74711	74947	75885	73295	73724	73218	71848	69256	70068
69	50624	52849	68911	62964	60541	58532	57925	56992	58780	59580	60175	62551	64427	65923	67786	68120	70375	72080	73823	74070	75007	72458	72894	72406	71060	68507
70	51457	49621	51888	67692	61878	59521	57568	56994	56097	57876	58682	59287	61639	63494	64986	66838	67182	69423	71119	72854	73112	74050	71547	71987	71519	70200
71	49324	50326	48620	50863	66392	60717	58429	56537	55999	55137	56905	57718	58326	60656	62496	63983	65823	66176	68400	70086	71812	72083	73019	70564	71009	70561
72	45065	48123	49194	47552	49770	65004	59475	57263	55431	54927	54102	55861	56678	57295	59602	61428	62909	64735	65096	67302	68976	70691	70973	71908	69503	69954
73	41614	43865	46943	48012	46436	48623	63545	58173	56037	54267	53797	53010	54756	55576	56204	58485	60294	61767	63579	63950	66134	67795	69497	69791	70722	68374
74	42171	40412	42697	45721	46785	45277	47433	62026	56814	54754	53050	52614	51867	53598	54421	55056	57311	59104	60566	62361	62741	64904	66547	68239	68545	69473
75	40960	40823	39225	41466	44429	45485	44047	46169	60413	55363	53383	51748	51348	50643	52356	53180	53823	56047	57821	59271	61049	61435	63573	65198	66876	67193
76	39528	39522	39505	37985	40180	43075	44125	42758	44842	58713	53838	51940	50374	50011	49346	51040	51864	52515	54705	56457	57894	59652	60045	62152	63757	65419
77	37184	38004	38124	38137	36696	38841	41667	42709	41415	43458	56936	52241	50426	48932	48607	47984	49655	50478	51135	53288	55016	56439	58174	58573	60647	62234
78	35471	35600	36514	36661	36705	35343	37435	40187	41214	39995	41995	55055	50548	48819	47400	47114	46533	48179	48999	49659	51772	53473	54877	56585	56991	59030
79	33262	33782	34046	34948	35122	35196	33917	35951	38620	39633	38492	40441	53059	48745	47108	45764	45519	44979	46597	47412	48075	50144	51814	53197	54874	55286
80	30577	31491	32134	32423	33313	33512	33616	32422	34391	36972	37968	36905	38800	50947	46836	45292	44029	43821	43326	44910	45721	46383	48403	50038	51396	53040
81	28216	28767	29782	30433	30745	31618	31840	31971	30863	32763	35253	36228	35244	37081	48730	44832	43384	42204	42034	41583	43129	43931	44593	46559	48155	49487
82	27169	26350	27022	28017	28670	29005	29859	30101	30257	29238	31064	33455	34407	33503	35277	46401	42724	41375	40277	40145	39740	41244	42036	42695	44602	46155
83	24595	25162	24563	25230	26200	26853	27206	28040	28299	28480	27548	29294	31580	32505	31684	33388	43960	40512	39264	38249	38154	37794	39252	40032	40685	42527
84	21898	22561	23253	22737	23396	24337	24986	25353	26161	26438	26640	25795	27460	29633	30530	29788	31419	41408	38195	37051	36121	36064	35749	37154	37919	38565
85	19411	19880	20647	21322	20887	21535	22444	23085	23463	24243	24532	24753	23997	25574	27628	28492	27831	29384	38762	35793	34752	33909	33886	33617	34965	35710
86	16640	17417	18001	18732	19387	19031	19663	20534	21164	21549	22297	22596	22833	22164	23647	25575	26405	25823	27292	36040	33317	32380	31624	31631	31407	32693
87	14852	14735	15577	16135	16827	17457	17174	17789	18617	19228	19616	20329	20635	20883	20300	21684	23483	24273	23770	25148	33248	30772	29937	29268	29303	29123
88	13103	12964	13005	13775	14303	14952	15553	15340	15930	16713	17301	17687	18362	18669	18925	18425	19708	21372	22117	21690	22973	30412	28180	27447	26863	26925
89	10827	11266	11280	11340	12038	12535	13139	13707	13558	14119	14851	15411	15791	16424	16730	16987	16565	17745	19270	19970	19612	20799	27572	25583	24949	24445
90+	39542	39917	41303	42488	43557	45094	46877	48982	51350	53325	55589	58265	61152	64067	67220	70285	73227	75441	78442	82444	86598	89928	93908	103481	110156	115420
																										
2014-based projected population by sex and single year of age, Scotland 2014-2039 (continued)													2014-based projected population by sex and single year of age, Scotland 2014-2039 (continued)													
	2014	2015	2016	2017	2018	2019	2020	2021	2022	2023	2024	2025	2026	2027	2028	2029	2030	2031	2032	2033	2034	2035	2036	2037	2038	2039
																										
MALES													MALES													
All ages	2596384	2606380	2615525	2624553	2633805	2643332	2653068	2662988	2672895	2682750	2692547	2702201	2711656	2720842	2729716	2738210	2746294	2753934	2761128	2767866	2774176	2780046	2785524	2790640	2795433	2799938
0	28913	28602	28474	28315	28496	28751	28972	29156	29297	29399	29463	29501	29488	29431	29347	29233	29103	28975	28862	28770	28684	28604	28552	28538	28554	28597
1	29337	29099	28754	28626	28469	28653	28910	29134	29318	29459	29562	29628	29665	29653	29596	29512	29397	29268	29140	29027	28935	28850	28769	28716	28702	28718
2	30424	29483	29208	28863	28737	28581	28766	29027	29253	29437	29578	29681	29747	29784	29772	29714	29630	29515	29387	29259	29146	29054	28969	28887	28834	28820
3	31184	30531	29556	29282	28938	28812	28659	28846	29107	29333	29518	29659	29762	29829	29866	29853	29795	29711	29596	29469	29341	29227	29134	29049	28967	28915
4	29656	31269	30586	29614	29340	28998	28871	28721	28909	29168	29395	29582	29722	29826	29893	29931	29917	29858	29775	29659	29532	29404	29290	29197	29113	29030
5	30352	29735	31321	30640	29670	29397	29056	28930	28780	28968	29227	29453	29641	29781	29885	29952	29990	29976	29917	29835	29718	29592	29464	29349	29256	29172
6	30378	30425	29784	31371	30692	29724	29450	29110	28984	28833	29021	29280	29506	29695	29835	29940	30007	30045	30031	29972	29890	29773	29647	29519	29403	29309
7	29262	30442	30471	29831	31417	30743	29773	29500	29159	29033	28882	29070	29330	29555	29745	29886	29991	30056	30095	30081	30023	29940	29824	29697	29569	29453
8	28610	29314	30478	30509	29868	31456	30782	29813	29540	29199	29072	28921	29109	29369	29594	29785	29926	30031	30096	30135	30121	30063	29980	29864	29737	29610
9	28635	28657	29345	30511	30543	29903	31491	30819	29848	29575	29234	29107	28957	29144	29405	29630	29821	29962	30068	30133	30172	30159	30101	30016	29901	29773
10	28184	28687	28694	29383	30551	30585	29945	31534	30862	29890	29617	29276	29149	28999	29185	29447	29673	29863	30004	30111	30176	30215	30202	30144	30059	29943
11	27029	28239	28726	28734	29425	30594	30630	29990	31580	30907	29935	29661	29320	29194	29043	29230	29492	29718	29907	30048	30156	30220	30260	30247	30190	30106
12	26889	27070	28264	28753	28762	29454	30624	30662	30021	31612	30940	29966	29691	29351	29225	29074	29261	29523	29749	29938	30079	30187	30252	30291	30278	30221
13	27929	26934	27099	28293	28783	28793	29485	30657	30694	30053	31646	30975	29999	29724	29385	29258	29107	29296	29556	29783	29972	30113	30221	30286	30326	30312
14	29027	27987	26975	27142	28336	28828	28838	29531	30703	30740	30099	31692	31022	30046	29771	29432	29304	29153	29343	29604	29831	30020	30161	30269	30334	30374
15	30060	29083	28025	27015	27182	28377	28870	28880	29573	30746	30782	30141	31735	31064	30091	29814	29476	29347	29196	29386	29648	29875	30064	30205	30313	30378
16	30657	30124	29128	28072	27063	27231	28427	28920	28930	29623	30796	30833	30192	31785	31116	30143	29865	29527	29398	29247	29437	29699	29926	30116	30257	30365
17	31830	30769	30212	29217	28162	27153	27322	28518	29012	29022	29716	30889	30929	30288	31881	31213	30239	29960	29623	29493	29342	29533	29795	30022	30212	30354
18	32612	32192	31085	30522	29528	28470	27458	27624	28821	29321	29333	30028	31206	31251	30611	32203	31541	30562	30280	29942	29810	29659	29850	30112	30341	30532
19	33734	33377	32874	31761	31193	30193	29127	28107	28267	29468	29981	29996	30695	31884	31937	31296	32889	32236	31248	30957	30617	30483	30330	30522	30785	31017
20	35028	34624	34158	33652	32538	31964	30959	29883	28852	29008	30218	30740	30758	31463	32665	32724	32078	33678	33028	32030	31733	31391	31255	31101	31293	31557
21	35258	35773	35249	34786	34283	33166	32593	31586	30503	29467	29621	30836	31363	31383	32092	33300	33364	32714	34319	33670	32667	32367	32026	31886	31732	31924
22	37784	35923	36300	35782	35325	34824	33711	33140	32131	31046	30008	30161	31378	31908	31929	32639	33850	33918	33266	34874	34226	33221	32919	32578	32437	32283
23	38453	38321	36306	36692	36180	35730	35236	34128	33560	32551	31470	30433	30588	31806	32334	32353	33065	34276	34343	33690	35301	34650	33645	33346	33004	32863
24	36695	38728	38440	36438	36837	36331	35891	35405	34302	33739	32733	31659	30629	30786	32000	32525	32542	33252	34459	34522	33871	35479	34826	33825	33530	33190
25	36179	36849	38737	38455	36469	36874	36377	35946	35464	34365	33806	32804	31737	30712	30871	32080	32601	32618	33326	34528	34591	33940	35544	34890	33895	33601
26	36253	36333	36878	38765	38490	36515	36929	36438	36010	35531	34435	33879	32880	31816	30796	30957	32163	32682	32697	33405	34603	34666	34015	35618	34962	33970
27	34898	36406	36372	36919	38812	38542	36578	36997	36508	36082	35603	34512	33958	32963	31901	30885	31044	32251	32767	32782	33488	34684	34748	34097	35698	35040
28	34875	35035	36441	36410	36965	38860	38593	36639	37060	36571	36147	35668	34580	34030	33036	31976	30962	31124	32328	32843	32857	33563	34759	34821	34172	35770
29	34277	34973	35045	36453	36428	36988	38884	38623	36672	37094	36607	36184	35705	34620	34071	33079	32022	31010	31172	32375	32890	32903	33609	34804	34866	34216
30	33152	34377	34992	35066	36479	36458	37021	38920	38658	36712	37134	36649	36226	35749	34667	34118	33129	32074	31062	31225	32428	32942	32956	33661	34854	34916
31	33589	33248	34400	35018	35098	36512	36495	37062	38958	38697	36756	37177	36692	36271	35795	34715	34167	33179	32126	31117	31280	32480	32995	33009	33713	34906
32	33800	33650	33249	34402	35023	35107	36521	36508	37075	38968	38709	36769	37192	36707	36288	35812	34735	34187	33201	32150	31143	31305	32505	33020	33034	33738
33	33945	33871	33667	33270	34425	35048	35135	36549	36539	37104	38996	38739	36803	37223	36741	36323	35847	34771	34224	33240	32191	31184	31345	32545	33060	33076
34	33300	34016	33894	33693	33299	34456	35080	35172	36584	36576	37141	39030	38775	36842	37260	36780	36363	35888	34812	34265	33283	32234	31229	31390	32590	33105
35	32397	33347	34022	33904	33706	33313	34471	35099	35192	36601	36596	37159	39046	38795	36863	37280	36801	36385	35910	34836	34289	33309	32261	31256	31417	32617
36	29842	32443	33358	34034	33919	33724	33335	34493	35121	35215	36623	36619	37182	39069	38819	36889	37305	36827	36412	35937	34864	34317	33339	32291	31288	31448
37	29753	29884	32451	33367	34047	33933	33741	33355	34511	35140	35234	36640	36640	37203	39088	38843	36913	37328	36851	36435	35962	34890	34344	33366	32319	31316
38	31344	29774	29878	32443	33362	34046	33933	33744	33356	34512	35142	35236	36642	36644	37208	39091	38848	36920	37334	36858	36442	35971	34899	34354	33377	32330
39	31368	31331	29742	29846	32410	33333	34015	33907	33719	33332	34486	35115	35211	36617	36619	37183	39065	38824	36899	37312	36837	36422	35952	34882	34338	33362
40	32149	31352	31292	29708	29814	32376	33300	33984	33877	33689	33303	34455	35086	35183	36587	36590	37154	39034	38797	36874	37288	36813	36400	35931	34862	34319
41	33967	32140	31325	31266	29686	29792	32352	33278	33964	33857	33671	33284	34436	35067	35164	36569	36574	37135	39016	38782	36863	37274	36801	36390	35921	34853
42	35725	33938	32100	31284	31227	29651	29757	32316	33242	33929	33823	33639	33254	34403	35035	35133	36537	36544	37106	38985	38754	36839	37247	36777	36366	35899
43	36863	35681	33885	32051	31237	31179	29609	29714	32271	33198	33885	33781	33599	33213	34362	34995	35094	36497	36507	37069	38946	38719	36807	37213	36746	36334
44	36585	36820	35632	33841	32010	31196	31141	29575	29678	32234	33162	33849	33747	33566	33181	34328	34962	35063	36466	36479	37042	38918	38693	36784	37190	36724
45	37998	36525	36753	35570	33784	31956	31144	31091	29528	29631	32184	33112	33800	33700	33519	33137	34283	34919	35021	36422	36438	37002	38878	38655	36749	37152
46	38731	37922	36446	36677	35498	33717	31893	31085	31032	29473	29575	32125	33054	33744	33645	33466	33085	34230	34867	34971	36370	36390	36953	38827	38608	36704
47	39506	38646	37838	36368	36599	35425	33649	31831	31025	30971	29416	29519	32066	32997	33687	33590	33411	33032	34177	34815	34920	36318	36342	36904	38776	38560
48	38983	39407	38550	37748	36281	36514	35345	33576	31762	30958	30906	29355	29458	32000	32933	33625	33529	33352	32974	34118	34757	34863	36261	36287	36849	38719
49	40584	38888	39312	38460	37662	36202	36438	35274	33509	31700	30899	30848	29299	29403	31942	32877	33570	33475	33300	32924	34067	34707	34815	36210	36238	36800
50	39732	40489	38803	39228	38381	37589	36136	36373	35214	33454	31650	30849	30800	29256	29359	31895	32832	33527	33434	33259	32885	34028	34669	34778	36173	36202
51	39875	39638	40398	38722	39147	38308	37521	36074	36312	35158	33403	31604	30803	30755	29215	29318	31852	32791	33487	33398	33224	32851	33993	34636	34746	36140
52	39351	39759	39530	40295	38628	39055	38223	37440	36000	36239	35092	33342	31547	30747	30701	29167	29270	31800	32742	33439	33351	33180	32808	33949	34593	34704
53	38243	39210	39627	39405	40173	38517	38945	38121	37343	35911	36151	35010	33266	31475	30678	30634	29106	29209	31734	32679	33376	33291	33122	32750	33890	34535
54	37187	38086	39063	39485	39269	40039	38396	38827	38008	37237	35812	36053	34919	33182	31397	30603	30561	29038	29141	31661	32609	33307	33224	33057	32686	33825
55	36592	37007	37916	38897	39323	39115	39887	38258	38690	37878	37113	35696	35939	34811	33083	31305	30515	30474	28958	29060	31576	32525	33222	33143	32977	32609
56	35552	36396	36827	37737	38721	39152	38952	39726	38109	38543	37739	36981	35572	35816	34696	32978	31206	30420	30379	28871	28973	31482	32433	33130	33053	32890
57	34895	35352	36208	36646	37558	38545	38981	38789	39564	37961	38396	37599	36849	35449	35693	34582	32871	31108	30326	30286	28785	28887	31389	32342	33040	32966
58	33754	34674	35149	36008	36450	37367	38356	38797	38612	39389	37798	38235	37448	36705	35313	35559	34456	32754	31000	30221	30184	28691	28793	31288	32241	32940
59	32194	33503	34440	34919	35781	36228	37147	38138	38583	38405	39184	37608	38046	37269	36532	35151	35398	34304	32614	30869	30094	30059	28575	28677	31164	32116
60	31896	31928	33250	34189	34674	35538	35990	36910	37902	38350	38182	38961	37400	37840	37072	36343	34975	35222	34139	32459	30725	29954	29921	28446	28548	31025
61	31236	31605	31665	32984	33924	34415	35282	35739	36660	37651	38105	37944	38723	37178	37620	36862	36142	34785	35033	33960	32292	30569	29803	29772	28307	28408
62	30105	30919	31313	31383	32698	33641	34136	35004	35466	36387	37378	37835	37683	38463	36934	37377	36630	35918	34574	34824	33761	32106	30395	29635	29606	28150
63	30290	29766	30602	31005	31084	32395	33340	33841	34709	35174	36096	37086	37547	37403	38184	36672	37116	36380	35677	34345	34597	33545	31905	30206	29452	29426
64	30600	29920	29435	30273	30683	30772	32078	33026	33530	34399	34868	35789	36778	37244	37109	37888	36396	36839	36115	35421	34102	34356	33316	31691	30005	29258
65	31190	30192	29558	29091	29929	30348	30446	31747	32695	33202	34072	34545	35464	36452	36922	36796	37575	36102	36544	35831	35148	33843	34099	33072	31462	29790
66	31986	30717	29773	29161	28713	29551	29976	30084	31379	32326	32836	33707	34182	35101	36085	36558	36442	37219	35767	36209	35508	34836	33546	33804	32790	31198
67	34396	31435	30234	29317	28728	28299	29138	29568	29685	30973	31918	32431	33299	33779	34695	35676	36152	36043	36819	35388	35832	35144	34483	33212	33469	32470
68	26017	33733	30883	29718	28832	28266	27855	28693	29128	29255	30534	31477	31990	32852	33335	34248	35225	35703	35602	36376	34970	35413	34739	34090	32838	33097
69	24005	25456	33073	30299	29171	28316	27773	27381	28217	28657	28794	30062	30998	31509	32367	32851	33760	34731	35212	35119	35890	34509	34953	34294	33658	32428
70	24560	23431	24902	32376	29679	28589	27767	27248	26878	27710	28154	28300	29554	30478	30991	31844	32330	33235	34199	34681	34597	35365	34012	34455	33812	33191
71	22961	23912	22865	24317	31638	29022	27972	27185	26692	26342	27170	27618	27770	29009	29925	30440	31288	31775	32674	33631	34113	34039	34802	33478	33921	33294
72	20722	22287	23270	22266	23698	30857	28325	27318	26564	26097	25768	26593	27043	27203	28429	29337	29853	30695	31182	32074	33023	33505	33440	34198	32904	33346
73	18871	20053	21629	22602	21642	23051	30040	27595	26631	25911	25470	25162	25981	26433	26603	27812	28712	29228	30064	30551	31434	32374	32855	32800	33550	32290
74	19059	18214	19413	20958	21918	21004	22388	29199	26843	25921	25237	24821	24535	25347	25801	25978	27172	28063	28577	29405	29891	30766	31695	32176	32131	32874
75	18503	18325	17572	18745	20255	21200	20333	21691	28314	26046	25168	24521	24131	23868	24672	25127	25311	26486	27367	27879	28699	29182	30046	30963	31442	31407
76	17736	17724	17618	16910	18055	19527	20457	19637	20966	27390	25216	24383	23771	23408	23166	23962	24416	24608	25762	26631	27141	27951	28431	29282	30185	30662
77	16146	16924	16982	16897	16234	17349	18782	19696	18923	20221	26439	24360	23571	22996	22660	22440	23225	23677	23876	25008	25864	26372	27170	27646	28483	29374
78	15326	15329	16142	16216	16152	15534	16617	18008	18902	18177	19442	25442	23461	22717	22180	21872	21674	22446	22896	23100	24208	25048	25552	26336	26808	27630
79	14229	14465	14541	15333	15422	15379	14806	15856	17200	18072	17397	18624	24395	22513	21818	21317	21038	20860	21618	22064	22274	23355	24178	24677	25444	25912
80	12878	13341	13641	13733	14502	14604	14583	14055	15067	16362	17210	16583	17771	23301	21522	20874	20412	20160	20003	20744	21186	21400	22452	23256	23746	24496
81	11713	11990	12503	12807	12914	13656	13770	13768	13285	14257	15502	16322	15744	16890	22168	20494	19895	19472	19247	19110	19832	20268	20486	21507	22289	22771
82	10938	10813	11149	11650	11955	12077	12790	12914	12930	12493	13423	14612	15404	14875	15975	20990	19424	18875	18489	18291	18175	18876	19304	19525	20512	21270
83	9747	10000	9967	10299	10785	11090	11223	11906	12039	12071	11678	12564	13695	14455	13975	15026	19767	18312	17812	17462	17291	17195	17873	18292	18514	19464
84	8348	8814	9127	9119	9445	9914	10216	10359	11008	11149	11196	10846	11686	12755	13482	13050	14048	18503	17160	16710	16397	16253	16176	16827	17236	17458
85	7278	7461	7958	8263	8277	8596	9046	9343	9493	10107	10253	10314	10006	10796	11802	12492	12108	13051	17208	15981	15578	15302	15183	15125	15748	16143
86	6022	6417	6653	7117	7411	7446	7755	8182	8473	8628	9204	9354	9427	9160	9897	10836	11488	11150	12035	15888	14776	14420	14180	14084	14044	14635
87	5219	5232	5645	5871	6300	6581	6633	6931	7333	7614	7772	8309	8461	8542	8315	8998	9868	10478	10186	11010	14553	13554	13244	13038	12964	12941
88	4448	4467	4540	4913	5126	5520	5786	5852	6135	6511	6780	6938	7435	7586	7674	7484	8113	8912	9478	9229	9989	13222	12333	12067	11894	11840
89	3623	3748	3821	3896	4229	4429	4786	5035	5112	5378	5726	5979	6135	6591	6740	6831	6675	7249	7976	8498	8288	8985	11911	11128	10903	10759
90+	10978	11404	12069	12681	13253	14023	14853	15877	16980	18007	19135	20427	21778	23097	24650	26135	27510	28563	29984	31862	33964	35607	37654	42044	45190	47713
																										
2014-based projected population by sex and single year of age, Scotland 2014-2039 (continued)													2014-based projected population by sex and single year of age, Scotland 2014-2039 (continued)													
	2014	2015	2016	2017	2018	2019	2020	2021	2022	2023	2024	2025	2026	2027	2028	2029	2030	2031	2032	2033	2034	2035	2036	2037	2038	2039
FEMALES																										
All ages	2751216	2758352	2764753	2771079	2777719	2784650	2791851	2799267	2806756	2814301	2821855	2829380	2836786	2844012	2850990	2857616	2863857	2869696	2875082	2880017	2884532	2888611	2892291	2895646	2898709	2901538
0	27384	27249	27124	26974	27145	27387	27599	27773	27908	28005	28066	28103	28089	28034	27956	27845	27720	27600	27490	27403	27322	27245	27196	27184	27199	27238
1	28115	27559	27391	27268	27119	27292	27536	27749	27924	28060	28158	28219	28256	28242	28188	28110	27998	27873	27754	27643	27557	27475	27399	27351	27339	27354
2	28804	28261	27671	27505	27383	27235	27410	27654	27868	28043	28179	28277	28340	28377	28363	28308	28230	28118	27993	27874	27763	27677	27595	27519	27472	27460
3	29823	28932	28357	27769	27603	27482	27337	27512	27756	27971	28146	28283	28381	28443	28481	28467	28411	28332	28222	28098	27979	27866	27780	27699	27622	27575
4	28590	29934	29014	28440	27853	27686	27568	27425	27599	27843	28059	28234	28372	28469	28532	28569	28555	28499	28420	28310	28186	28067	27954	27867	27787	27710
5	29424	28686	30006	29088	28514	27927	27760	27643	27501	27675	27919	28136	28311	28449	28546	28610	28647	28632	28576	28496	28387	28263	28144	28032	27945	27865
6	29276	29507	28746	30066	29151	28575	27990	27823	27706	27565	27738	27982	28200	28374	28513	28611	28675	28713	28697	28640	28562	28451	28327	28208	28097	28010
7	27994	29341	29555	28794	30115	29200	28626	28041	27874	27757	27616	27790	28034	28251	28426	28565	28663	28727	28765	28749	28692	28614	28503	28379	28260	28149
8	27547	28051	29382	29599	28838	30161	29246	28673	28087	27920	27803	27662	27836	28080	28297	28472	28611	28710	28773	28811	28796	28739	28660	28550	28425	28306
9	27107	27599	28087	29420	29640	28880	30202	29287	28714	28128	27961	27845	27704	27878	28121	28338	28513	28652	28752	28815	28854	28837	28781	28703	28592	28467
10	26496	27154	27633	28121	29456	29676	28917	30238	29324	28752	28165	27998	27883	27741	27914	28158	28376	28551	28690	28790	28853	28891	28875	28819	28741	28630
11	26013	26539	27183	27664	28153	29488	29709	28951	30273	29358	28787	28200	28032	27917	27775	27948	28193	28411	28586	28725	28826	28888	28926	28910	28854	28775
12	25884	26050	26563	27208	27691	28181	29516	29737	28979	30301	29386	28815	28229	28060	27946	27804	27977	28222	28440	28616	28755	28857	28918	28956	28940	28884
13	27062	25917	26069	26582	27229	27712	28203	29539	29757	29000	30324	29408	28838	28251	28082	27968	27826	27999	28244	28462	28638	28777	28879	28940	28979	28963
14	27349	27099	25940	26092	26607	27254	27739	28230	29566	29784	29029	30352	29437	28866	28280	28110	27996	27853	28027	28271	28490	28666	28804	28907	28968	29007
15	28545	27398	27134	25975	26128	26645	27293	27779	28270	29606	29824	29069	30392	29478	28906	28320	28149	28035	27892	28066	28310	28529	28706	28845	28948	29009
16	29163	28605	27441	27177	26020	26173	26690	27340	27826	28317	29654	29873	29118	30441	29527	28955	28369	28197	28083	27940	28115	28358	28577	28754	28893	28996
17	30251	29286	28703	27539	27276	26120	26270	26788	27439	27927	28420	29759	29979	29223	30547	29633	29062	28475	28302	28187	28044	28218	28461	28681	28859	28999
18	30968	30767	29748	29156	27989	27719	26560	26703	27222	27880	28375	28873	30216	30449	29694	31013	30111	29532	28939	28760	28643	28500	28673	28918	29141	29321
19	33033	32066	31757	30730	30126	28946	28663	27493	27626	28150	28819	29326	29834	31195	31445	30688	32009	31114	30521	29916	29729	29610	29465	29638	29887	30114
20	34563	34230	33117	32806	31774	31160	29967	29676	28494	28621	29152	29831	30347	30864	32246	32505	31741	33071	32173	31569	30953	30764	30641	30493	30669	30919
21	35723	35502	35011	33897	33592	32557	31943	30746	30450	29264	29389	29922	30605	31125	31648	33038	33301	32533	33869	32969	32358	31739	31548	31424	31276	31452
22	38871	36499	36102	35616	34509	34209	33177	32568	31370	31074	29887	30013	30546	31231	31752	32275	33667	33929	33161	34499	33597	32986	32366	32176	32051	31902
23	38606	39302	36738	36362	35888	34792	34506	33482	32881	31687	31400	30215	30349	30880	31562	32078	32596	33984	34236	33467	34809	33900	33293	32680	32494	32370
24	36646	38657	39162	36618	36270	35807	34727	34457	33441	32850	31668	31390	30216	30357	30881	31557	32063	32575	33950	34191	33426	34763	33851	33254	32648	32469
25	35995	36686	38533	39035	36515	36183	35730	34665	34399	33390	32806	31634	31361	30198	30340	30860	31530	32030	32538	33902	34137	33377	34707	33796	33204	32605
26	36648	36115	36680	38524	39028	36520	36201	35754	34693	34431	33426	32846	31678	31409	30251	30394	30912	31579	32076	32580	33940	34171	33414	34740	33829	33241
27	35933	36794	36153	36721	38568	39072	36575	36262	35816	34760	34499	33497	32920	31754	31486	30333	30477	30993	31658	32152	32655	34013	34241	33485	34810	33899
28	35421	36091	36858	36221	36792	38641	39148	36658	36345	35901	34847	34587	33588	33012	31848	31581	30430	30575	31091	31754	32247	32748	34104	34332	33577	34900
29	35683	35563	36152	36921	36288	36863	38714	39222	36735	36421	35979	34926	34668	33671	33095	31932	31665	30518	30663	31178	31842	32333	32833	34188	34415	33661
30	34586	35816	35626	36218	36989	36361	36938	38790	39299	36814	36501	36058	35006	34749	33754	33176	32015	31749	30602	30747	31263	31927	32415	32915	34270	34497
31	35202	34717	35888	35699	36296	37070	36445	37024	38876	39385	36901	36587	36145	35093	34836	33841	33263	32103	31836	30690	30835	31351	32015	32503	33003	34357
32	35934	35321	34786	35958	35773	36372	37148	36526	37104	38957	39466	36983	36669	36226	35174	34917	33921	33344	32184	31917	30770	30915	31432	32096	32584	33086
33	35334	36032	35376	34842	36017	35836	36434	37214	36591	37169	39022	39533	37050	36736	36292	35240	34982	33986	33409	32250	31982	30835	30980	31497	32162	32651
34	34655	35424	36084	35430	34901	36076	35896	36497	37278	36655	37232	39085	39598	37117	36801	36356	35305	35045	34049	33472	32313	32045	30898	31042	31559	32225
35	33126	34755	35490	36154	35503	34974	36151	35974	36575	37356	36733	37311	39164	39678	37198	36880	36435	35383	35123	34127	33549	32391	32121	30975	31118	31635
36	31341	33214	34814	35553	36219	35568	35041	36219	36044	36644	37427	36803	37381	39236	39750	37271	36951	36507	35454	35194	34197	33619	32461	32191	31043	31185
37	30293	31405	33252	34854	35596	36263	35614	35088	36265	36092	36691	37474	36851	37429	39284	39800	37321	37000	36557	35504	35243	34245	33668	32510	32241	31092
38	32403	30344	31431	33280	34884	35628	36296	35649	35122	36298	36127	36724	37508	36886	37464	39317	39835	37358	37036	36593	35540	35279	34283	33705	32546	32280
39	33020	32439	30363	31448	33299	34904	35649	36319	35671	35144	36320	36151	36748	37531	36909	37488	39340	39859	37385	37061	36617	35566	35306	34309	33732	32574
40	33179	33049	32449	30375	31460	33312	34919	35665	36335	35688	35161	36337	36168	36765	37548	36927	37506	39357	39878	37405	37081	36638	35586	35327	34330	33753
41	35381	33211	33064	32465	30394	31477	33330	34939	35685	36356	35710	35184	36360	36192	36788	37571	36951	37530	39381	39904	37433	37108	36665	35614	35354	34358
42	38075	35406	33223	33077	32479	30409	31491	33346	34956	35702	36374	35729	35204	36379	36213	36809	37592	36972	37552	39403	39927	37459	37131	36688	35639	35379
43	39781	38087	35408	33226	33080	32484	30417	31496	33352	34963	35709	36382	35738	35214	36390	36223	36821	37603	36985	37565	39415	39940	37474	37146	36703	35656
44	39213	39784	38082	35406	33225	33080	32486	30421	31498	33356	34966	35714	36386	35745	35221	36396	36231	36828	37611	36996	37574	39424	39950	37486	37157	36715
45	40706	39210	39770	38072	35400	33220	33077	32483	30420	31496	33355	34965	35714	36387	35748	35223	36398	36235	36832	37615	37002	37580	39430	39957	37494	37165
46	41544	40699	39198	39758	38064	35395	33217	33074	32481	30421	31495	33354	34966	35715	36388	35751	35227	36401	36240	36837	37622	37009	37587	39437	39965	37504
47	41388	41521	40673	39175	39734	38044	35379	33204	33062	32471	30412	31485	33343	34956	35705	36380	35744	35221	36395	36234	36832	37618	37006	37584	39434	39963
48	41419	41356	41485	40640	39145	39705	38020	35358	33186	33044	32455	30399	31469	33328	34941	35690	36366	35733	35210	36383	36223	36821	37607	36997	37575	39426
49	42736	41381	41314	41444	40604	39113	39674	37992	35334	33166	33024	32437	30383	31452	33310	34922	35673	36349	35718	35196	36369	36210	36808	37593	36986	37565
50	42569	42685	41332	41267	41399	40563	39075	39636	37959	35306	33140	32999	32413	30362	31430	33287	34899	35652	36328	35698	35178	36351	36194	36791	37576	36971
51	42219	42512	42630	41281	41220	41353	40521	39037	39597	37925	35278	33115	32972	32389	30343	31406	33262	34876	35630	36307	35680	35161	36333	36178	36775	37560
52	40847	42157	42453	42573	41232	41172	41307	40479	38999	39559	37891	35250	33090	32947	32365	30323	31383	33240	34854	35609	36287	35662	35144	36314	36161	36760
53	40041	40766	42075	42376	42498	41163	41105	41242	40418	38942	39502	37839	35204	33050	32906	32327	30289	31348	33201	34816	35573	36250	35629	35111	36279	36129
54	38522	39932	40661	41969	42273	42398	41069	41014	41153	40334	38863	39423	37765	35137	32988	32846	32269	30237	31293	33144	34758	35516	36193	35575	35059	36225
55	38639	38408	39818	40549	41858	42164	42291	40970	40917	41058	40244	38777	39337	37686	35066	32923	32781	32208	30182	31234	33083	34695	35454	36131	35515	35003
56	37488	38514	38291	39699	40432	41742	42049	42179	40866	40815	40957	40148	38686	39245	37602	34991	32854	32712	32142	30123	31173	33018	34629	35387	36065	35452
57	36344	37349	38380	38161	39567	40303	41612	41923	42055	40748	40700	40844	40040	38584	39143	37507	34906	32775	32633	32066	30056	31102	32944	34554	35310	35989
58	35232	36184	37195	38225	38010	39417	40152	41460	41773	41908	40609	40564	40710	39911	38462	39021	37393	34802	32678	32539	31974	29972	31016	32855	34460	35217
59	33918	35057	36017	37026	38056	37846	39251	39987	41294	41609	41746	40456	40413	40562	39767	38328	38886	37267	34685	32570	32432	31871	29878	30919	32755	34357
60	33317	33746	34890	35850	36858	37888	37685	39087	39824	41129	41446	41586	40305	40264	40415	39627	38196	38753	37143	34573	32466	32328	31772	29787	30824	32656
61	32805	33133	33574	34715	35675	36685	37715	37517	38915	39652	40956	41276	41418	40146	40107	40259	39478	38057	38613	37013	34453	32356	32218	31667	29690	30724
62	31633	32598	32938	33382	34520	35481	36490	37520	37327	38720	39458	40758	41082	41226	39965	39929	40083	39309	37895	38451	36862	34315	32228	32091	31543	29577
63	32033	31407	32380	32724	33170	34305	35265	36274	37302	37115	38503	39242	40537	40865	41012	39761	39728	39884	39118	37713	38269	36691	34159	32083	31947	31403
64	31886	31769	31166	32138	32484	32933	34064	35023	36030	37057	36874	38258	38995	40287	40616	40768	39527	39498	39656	38898	37504	38059	36494	33978	31914	31780
65	32839	31587	31492	30900	31869	32218	32669	33797	34754	35759	36782	36605	37983	38720	40007	40338	40493	39264	39240	39400	38650	37268	37823	36270	33772	31723
66	33885	32498	31280	31193	30612	31578	31930	32384	33508	34462	35464	36484	36313	37685	38421	39704	40037	40195	38979	38958	39120	38379	37009	37565	36025	33547
67	36794	33491	32147	30950	30870	30302	31264	31617	32073	33193	34144	35143	36159	35994	37358	38093	39369	39704	39865	38665	38647	38812	38081	36725	37280	35755
68	27792	36319	33094	31774	30598	30526	29971	30928	31285	31742	32856	33803	34797	35806	35648	37004	37738	39008	39345	39509	38325	38311	38479	37758	36418	36971
69	26619	27393	35838	32665	31370	30216	30152	29611	30563	30923	31381	32489	33429	34414	35419	35269	36615	37349	38611	38951	39117	37949	37941	38112	37402	36079
70	26897	26190	26986	35316	32199	30932	29801	29746	29219	30166	30528	30987	32085	33016	33995	34994	34852	36188	36920	38173	38515	38685	37535	37532	37707	37009
71	26363	26414	25755	26546	34754	31695	30457	29352	29307	28795	29735	30100	30556	31647	32571	33543	34535	34401	35726	36455	37699	38044	38217	37086	37088	37267
72	24343	25836	25924	25286	26072	34147	31150	29945	28867	28830	28334	29268	29635	30092	31173	32091	33056	34040	33914	35228	35953	37186	37533	37710	36599	36608
73	22743	23812	25314	25410	24794	25572	33505	30578	29406	28356	28327	27848	28775	29143	29601	30673	31582	32539	33515	33399	34700	35421	36642	36991	37172	36084
74	23112	22198	23284	24763	24867	24273	25045	32827	29971	28833	27813	27793	27332	28251	28620	29078	30139	31041	31989	32956	32850	34138	34852	36063	36414	36599
75	22457	22498	21653	22721	24174	24285	23714	24478	32099	29317	28215	27227	27217	26775	27684	28053	28512	29561	30454	31392	32350	32253	33527	34235	35434	35786
76	21792	21798	21887	21075	22125	23548	23668	23121	23876	31323	28622	27557	26603	26603	26180	27078	27448	27907	28943	29826	30753	31701	31614	32870	33572	34757
77	21038	21080	21142	21240	20462	21492	22885	23013	22492	23237	30497	27881	26855	25936	25947	25544	26430	26801	27259	28280	29152	30067	31004	30927	32164	32860
78	20145	20271	20372	20445	20553	19809	20818	22179	22312	21818	22553	29613	27087	26102	25220	25242	24859	25733	26103	26559	27564	28425	29325	30249	30183	31400
79	19033	19317	19505	19615	19700	19817	19111	20095	21420	21561	21095	21817	28664	26232	25290	24447	24481	24119	24979	25348	25801	26789	27636	28520	29430	29374
80	17699	18150	18493	18690	18811	18908	19033	18367	19324	20610	20758	20322	21029	27646	25314	24418	23617	23661	23323	24166	24535	24983	25951	26782	27650	28544
81	16503	16777	17279	17626	17831	17962	18070	18203	17578	18506	19751	19906	19500	20191	26562	24338	23489	22732	22787	22473	23297	23663	24107	25052	25866	26716
82	16231	15537	15873	16367	16715	16928	17069	17187	17327	16745	17641	18843	19003	18628	19302	25411	23300	22500	21788	21854	21565	22368	22732	23170	24090	24885
83	14848	15162	14596	14931	15415	15763	15983	16134	16260	16409	15870	16730	17885	18050	17709	18362	24193	22200	21452	20787	20863	20599	21379	21740	22171	23063
84	13550	13747	14126	13618	13951	14423	14770	14994	15153	15289	15444	14949	15774	16878	17048	16738	17371	22905	21035	20341	19724	19811	19573	20327	20683	21107
85	12133	12419	12689	13059	12610	12939	13398	13742	13970	14136	14279	14439	13991	14778	15826	16000	15723	16333	21554	19812	19174	18607	18703	18492	19217	19567
86	10618	11000	11348	11615	11976	11585	11908	12352	12691	12921	13093	13242	13406	13004	13750	14739	14917	14673	15257	20152	18541	17960	17444	17547	17363	18058
87	9633	9503	9932	10264	10527	10876	10541	10858	11284	11614	11844	12020	12174	12341	11985	12686	13615	13795	13584	14138	18695	17218	16693	16230	16339	16182
88	8655	8497	8465	8862	9177	9432	9767	9488	9795	10202	10521	10749	10927	11083	11251	10941	11595	12460	12639	12461	12984	17190	15847	15380	14969	15085
89	7204	7518	7459	7444	7809	8106	8353	8672	8446	8741	9125	9432	9656	9833	9990	10156	9890	10496	11294	11472	11324	11814	15661	14455	14046	13686
90+	28564	28513	29234	29807	30304	31071	32024	33105	34370	35318	36454	37838	39374	40970	42570	44150	45717	46878	48458	50582	52634	54321	56254	61437	64966	67707
																										
© Crown Copyright 2015																										
