Table 2: Household projections for Scotland, by type of household, 2014 - 2039																											
																											
		Year																									
Household size	Household type	2014	2015	2016	2017	2018	2019	2020	2021	2022	2023	2024	2025	2026	2027	2028	2029	2030	2031	2032	2033	2034	2035	2036	2037	2038	2039
One person households	1 adult male	405,449	412,995	420,534	428,055	435,255	442,367	449,395	456,335	463,264	470,021	476,727	483,223	489,569	496,074	502,321	508,445	514,302	520,060	525,856	531,464	536,932	542,127	547,332	552,280	557,225	562,151
	1 adult female	463,435	466,555	470,209	474,569	478,561	482,344	485,749	489,034	493,126	496,856	500,343	503,300	506,111	509,750	512,945	515,848	518,297	520,629	523,442	526,054	528,477	530,564	532,759	535,304	537,652	539,715
Two person households	2 adults	747,340	754,853	762,242	769,565	776,482	783,229	789,509	795,514	800,867	805,966	810,976	815,780	820,195	823,584	827,112	830,515	833,856	837,379	839,555	841,513	843,258	845,119	846,947	847,631	848,171	848,595
	1 adult, 1 child	90,391	91,336	91,961	92,522	92,993	93,476	93,954	94,417	94,881	95,399	96,012	96,675	97,339	98,156	99,053	99,933	100,719	101,549	102,381	103,138	103,850	104,441	104,944	105,421	105,909	106,413
3+ person households	1 adult, 2+ children	65,660	66,079	66,385	66,738	67,048	67,374	67,702	68,023	68,404	68,747	69,066	69,315	69,532	69,778	70,025	70,277	70,431	70,567	70,693	70,820	70,971	71,008	70,994	70,929	70,918	70,920
	2+ adult 1+ children	441,424	437,958	433,999	429,895	425,657	421,566	417,865	414,436	411,148	407,793	404,642	401,639	398,715	396,137	393,529	390,958	388,199	385,418	382,892	380,402	377,887	374,936	371,958	368,992	366,044	363,220
	3+ person all adult	204,636	204,179	203,267	201,991	200,539	198,904	197,168	195,349	193,091	190,682	188,293	186,021	183,851	181,458	179,136	176,966	175,035	173,285	171,461	169,717	168,125	166,832	165,620	164,642	163,710	162,662
All households		2,418,336	2,433,955	2,448,597	2,463,334	2,476,536	2,489,260	2,501,342	2,513,108	2,524,781	2,535,465	2,546,059	2,555,953	2,565,311	2,574,936	2,584,122	2,592,942	2,600,840	2,608,887	2,616,279	2,623,108	2,629,500	2,635,026	2,640,553	2,645,199	2,649,628	2,653,676
