Table 2: Household projections for Scotland by type of household 2014 - 2039																											
																											
		Year																									
Household size	Household type	2014	2015	2016	2017	2018	2019	2020	2021	2022	2023	2024	2025	2026	2027	2028	2029	2030	2031	2032	2033	2034	2035	2036	2037	2038	2039
One person households	1 adult male	405449	412965	421656	430418	438943	447460	455970	464470	473033	481491	489966	498305	506565	515054	523359	531609	539662	547685	555812	563824	571757	579485	587299	594926	602621	610375
	1 adult female	463435	466353	470872	476140	481083	485856	490287	494636	499827	504688	509334	513496	517546	522458	526969	531224	535068	538837	543126	547266	551264	554976	558859	563146	567297	571234
Two person households	2 adults	747340	754734	763845	772979	781775	790452	798699	806700	814063	821176	828196	835018	841443	846837	852380	857811	863203	868808	873112	877262	881263	885464	889729	892958	896155	899368
	1 adult 1 child	90391	91458	92568	93633	94621	95633	96651	97665	98691	99783	100981	102244	103522	104967	106507	108044	109502	111019	112551	114022	115457	116779	118021	119244	120480	121735
3+ person households	1 adult 2+ children	65660	66166	66822	67552	68264	69015	69789	70575	71436	72271	73092	73853	74588	75357	76131	76910	77590	78250	78896	79536	80189	80715	81177	81571	82002	82431
	2+ adult 1+ children	441424	438162	435710	433214	430682	428391	426583	425140	423926	422717	421777	421043	420438	420217	419992	419813	419449	419060	418912	418778	418583	417909	417169	416392	415574	414815
	3+ person all adult	204636	204117	203599	202712	201640	200374	199000	197536	195631	193574	191540	189631	187832	185818	183891	182132	180634	179340	178001	176775	175736	175034	174457	174162	173961	173693
All households		2418336	2433955	2455073	2476647	2497009	2517182	2536978	2556722	2576607	2595701	2614886	2633591	2651933	2670708	2689227	2707543	2725109	2742999	2760408	2777463	2794249	2810361	2826711	2842399	2858089	2873651
