Table 2: Household projections for Scotland by type of household 2014 - 2039																											
																											
		Year																									
Household size	Household type	2014	2015	2016	2017	2018	2019	2020	2021	2022	2023	2024	2025	2026	2027	2028	2029	2030	2031	2032	2033	2034	2035	2036	2037	2038	2039
One person households	1 adult male	405449	412978	421093	429228	437096	444909	452678	460401	468147	475756	483348	490767	498071	505570	512847	520034	526991	533882	540845	547657	554359	560822	567333	573624	579945	586287
	1 adult female	463435	466453	470539	475347	479816	484092	488007	491825	496467	500761	504828	508389	511818	516096	519948	523525	526672	529723	533276	536652	539863	542764	545805	549223	552472	555476
Two person households	2 adults	747340	754795	763045	771263	779127	786838	794099	801106	807465	813571	819588	825402	830820	835214	839748	844165	848532	853097	856338	859391	862265	865300	868348	870309	872179	874001
	1 adult 1 child	90391	91398	92265	93076	93809	94556	95304	96044	96789	97594	98500	99464	100435	101566	102786	103994	105117	106290	107473	108588	109661	110618	111492	112342	113204	114083
3+ person households	1 adult 2+ children	65660	66123	66604	67144	67657	68196	68747	69302	69923	70513	71083	71588	72064	72574	73084	73600	74017	74415	74801	75185	75588	75869	76093	76258	76468	76683
	2+ adult 1+ children	441424	438061	434856	431548	428173	424982	422227	419797	417548	415268	413226	411359	409597	408202	406787	405413	403852	402267	400932	399623	398270	396458	394602	392732	390849	389058
	3+ person all adult	204636	204147	203432	202349	201089	199638	198082	196442	194360	192127	189916	187826	185841	183638	181512	179549	177835	176314	174732	173247	171932	170936	170043	169407	168841	168184
All households		2418336	2433955	2451834	2469954	2486766	2503212	2519144	2534917	2550699	2565590	2580490	2594795	2608646	2622860	2636712	2650280	2663015	2675988	2688396	2700343	2711938	2722767	2733716	2743895	2753957	2763773
