2014-based projected population by sex and single year of age, 50 per cent future EU migration variant, Scotland 2014-2039																										
													2014-based projected population by sex and single year of age, 50 per cent future EU migration variant, Scotland 2014-2039 (continued)													
	2014	2015	2016	2017	2018	2019	2020	2021	2022	2023	2024	2025	2026	2027	2028	2029	2030	2031	2032	2033	2034	2035	2036	2037	2038	2039
																										
PERSONS													PERSONS													
All ages	5347600	5364732	5380278	5395632	5411524	5424111	5437042	5450241	5463383	5476407	5489250	5501786	5513864	5525358	5536146	5546088	5555108	5563159	5570208	5576261	5581377	5585545	5588855	5591438	5593365	5594721
0	56297	55851	55598	55289	55641	56060	56386	56636	56789	56858	56851	56789	56620	56366	56067	55708	55322	54950	54612	54334	54078	53843	53674	53596	53579	53615
1	57452	56658	56145	55894	55588	55887	56311	56640	56892	57046	57117	57111	57049	56883	56628	56328	55968	55584	55211	54874	54597	54341	54105	53936	53859	53842
2	59228	57744	56879	56368	56120	55762	56064	56493	56823	57076	57231	57302	57298	57235	57069	56812	56512	56152	55770	55396	55059	54782	54526	54290	54121	54045
3	61007	59463	57913	57051	56541	56248	55895	56198	56629	56959	57213	57369	57440	57435	57373	57208	56950	56648	56291	55909	55535	55195	54918	54663	54427	54257
4	58246	61203	59600	58054	57193	56642	56351	56003	56305	56735	57067	57322	57478	57550	57546	57483	57317	57059	56758	56400	56018	55644	55304	55026	54772	54536
5	59776	58421	61327	59728	58184	57288	56737	56448	56101	56402	56833	57165	57420	57577	57649	57646	57583	57417	57159	56857	56500	56118	55743	55404	55125	54871
6	59654	59932	58530	61437	59843	58268	57374	56822	56534	56187	56487	56918	57252	57506	57664	57739	57735	57671	57504	57246	56946	56588	56207	55830	55492	55213
7	57256	59783	60026	58625	61532	59915	58340	57448	56895	56607	56260	56561	56992	57325	57580	57739	57814	57810	57746	57579	57321	57021	56663	56282	55905	55566
8	56157	57365	59860	60108	58706	61594	59977	58404	57509	56957	56667	56322	56624	57053	57387	57642	57801	57876	57874	57810	57643	57385	57084	56728	56345	55968
9	55742	56256	57432	59931	60183	58762	61649	60034	58460	57565	57012	56722	56377	56679	57108	57443	57699	57857	57932	57930	57869	57700	57443	57142	56786	56402
10	54680	55841	56327	57504	60007	60241	58818	61706	60092	58517	57623	57068	56780	56434	56736	57166	57502	57758	57917	57991	57991	57927	57760	57502	57203	56845
11	53042	54778	55909	56398	57578	60062	60299	58875	61765	60150	58575	57681	57125	56838	56489	56793	57224	57560	57815	57975	58049	58050	57985	57818	57560	57262
12	52773	53120	54827	55961	56453	57614	60100	60339	58913	61805	60191	58614	57719	57164	56878	56529	56833	57264	57600	57855	58015	58090	58091	58025	57858	57601
13	54991	52851	53168	54875	56012	56485	57646	60135	60371	58945	61841	60227	58650	57753	57199	56912	56563	56869	57298	57636	57891	58051	58126	58127	58063	57894
14	56376	55086	52915	53234	54943	56059	56535	57696	60185	60421	58997	61892	60279	58702	57806	57251	56963	56614	56921	57350	57689	57944	58103	58179	58181	58117
15	58605	56481	55159	52990	53310	54997	56114	56592	57753	60242	60479	59055	61951	60338	58763	57865	57309	57020	56671	56978	57409	57748	58003	58162	58238	58240
16	59820	58729	56569	55249	53083	53378	55065	56183	56661	57823	60312	60551	59128	62021	60411	58835	57937	57381	57092	56743	57050	57480	57819	58076	58235	58311
17	62081	60055	58915	56756	55438	53234	53528	55217	56336	56816	57982	60471	60714	59292	62185	60577	59001	58101	57543	57253	56904	57212	57642	57981	58239	58399
18	63580	62959	60833	59678	57517	56098	53887	54171	55863	56994	57483	58655	61154	61414	59993	62882	61290	59703	58794	58228	57934	57586	57892	58326	58669	58931
19	66767	65443	64631	62491	61319	58960	57519	55288	55556	57258	58412	58918	60102	62630	62916	61491	64384	62806	61198	60270	59693	59393	59042	59348	59787	60136
20	69591	68854	67275	66458	64312	62886	60509	59049	56795	57053	58771	59943	60462	61661	64223	64523	63088	65996	64417	62788	61844	61262	60956	60601	60910	61352
21	70981	71275	70260	68683	67875	65465	64039	61656	60183	57920	58174	59899	61080	61606	62815	65390	65699	64256	67175	65595	63954	63004	62422	62110	61755	62064
22	76655	72422	72402	71398	69834	68749	66344	64922	62537	61062	58796	59051	60778	61964	62491	63702	66281	66593	65148	68072	66491	64848	63895	63313	63000	62644
23	77059	77623	73044	73054	72068	70222	69156	66763	65351	62971	61508	59245	59510	61237	62417	62938	64146	66720	67023	65575	68506	66914	65277	64332	63753	63442
24	73341	77385	77602	73056	73107	71877	70056	69012	66634	65237	62871	61425	59179	59452	61170	62339	62849	64048	66606	66895	65453	68376	66777	65156	64222	63651
25	72174	73535	77270	77490	72984	72845	71633	69835	68799	66434	65047	62695	61262	59031	59306	61016	62176	62679	63871	66413	66695	65260	68171	66573	64962	64039
26	72901	72448	73558	77289	77518	72853	72734	71533	69743	68713	66355	64976	62631	61207	58984	59262	60967	62122	62620	63808	66344	66619	65189	68094	66495	64888
27	70831	73200	72525	73640	77380	77454	72810	72702	71504	69722	68693	66342	64968	62629	61207	58994	59272	60975	62124	62620	63805	66337	66609	65182	68082	66484
28	70296	71126	73299	72631	73757	77360	77439	72812	72707	71511	69733	68705	66359	64990	62655	61236	59028	59309	61010	62156	62650	63833	66362	66632	65208	68103
29	69960	70536	71197	73374	72716	73731	77337	77422	72801	72696	71505	69728	68703	66362	64995	62663	61247	59044	59326	61024	62171	62662	63844	66372	66640	65216
30	67738	70193	70618	71284	73468	72713	73734	77342	77427	72812	72709	71519	69743	68722	66385	65018	62689	61277	59074	59357	61056	62201	62692	63873	66398	66666
31	68791	67965	70288	70717	71394	73491	72742	73769	77373	77459	72851	72745	71558	69783	68764	66427	65064	62737	61324	59125	59409	61105	62249	62742	63922	66446
32	69734	68971	68035	70360	70796	71402	73499	72757	73783	77386	77474	72868	72763	71578	69803	68786	66449	65089	62764	61354	59155	59439	61136	62279	62771	63955
33	69279	69903	69043	68112	70442	70815	71423	73524	72784	73809	77410	77501	72901	72792	71609	69836	68820	66483	65124	62802	61393	59195	59477	61174	62318	62812
34	67955	69440	69978	69123	68200	70475	70849	71465	73564	72825	73849	77449	77543	72947	72835	71653	69882	68865	66530	65172	62851	61442	59247	59528	61225	62370
35	65523	68102	69512	70058	69209	68237	70512	70893	71509	73608	72871	73893	77493	77594	72999	72882	71702	69932	68915	66582	65224	62904	61495	59302	59581	61277
36	61183	65657	68172	69587	70138	69245	68280	70556	70939	71554	73653	72919	73940	77541	77645	73054	72934	71755	69985	68970	66637	65279	62961	61551	59360	59638
37	60046	61289	65703	68221	69643	70156	69269	68306	70580	70966	71580	73677	72949	73968	77569	77678	73090	72968	71790	70021	69005	66675	65318	63002	61590	59399
38	63747	60118	61309	65723	68246	69639	70153	69272	68307	70580	70969	71580	73679	72955	73972	77572	77683	73099	72977	71800	70032	69018	66690	65334	63019	61609
39	64388	63770	60105	61294	65709	68209	69601	70120	69239	68275	70546	70936	71550	73648	72923	73942	77540	77654	73076	72952	71776	70010	68999	66673	65319	63005
40	65328	64401	63741	60083	61274	65662	68164	69558	70079	69199	68236	70505	70897	71512	73607	72886	73905	77500	77620	73046	72921	71747	69983	68974	66650	65296
41	69348	65351	64389	63731	60080	61244	65632	68138	69533	70055	69178	68217	70486	70877	71494	73588	72870	73888	77483	77607	73040	72913	71741	69980	68970	66649
42	73800	69344	65323	64361	63706	60041	61204	65592	68101	69496	70021	69146	68186	70453	70846	71467	73558	72843	73862	77457	77586	73024	72893	71723	69965	68956
43	76644	73768	69293	65277	64317	63648	59990	61151	65535	68049	69443	69972	69099	68142	70407	70799	71423	73514	72803	73820	77417	77551	72991	72859	71693	69938
44	75798	76604	73714	69247	65235	64260	63597	59944	61104	65486	68002	69397	69928	69057	68103	70364	70761	71385	73479	72773	73787	77383	77522	72968	72835	71671
45	78704	75735	76523	73642	69184	65164	64191	63530	59884	61043	65421	67938	69335	69869	69000	68048	70309	70708	71334	73428	72725	73742	77336	77479	72930	72795
46	80275	78621	75644	76435	73562	69099	65086	64117	63456	59818	60974	65350	67869	69267	69801	68938	67987	70248	70650	71276	73371	72672	73689	77283	77430	72885
47	80894	80167	78511	75543	76333	73459	69006	65001	64034	63374	59743	60897	65271	67791	69190	69728	68867	67919	70179	70583	71211	73305	72612	73626	77221	77371
48	80402	80763	80035	78388	75426	76212	73346	68903	64905	63939	63283	59660	60810	65182	67705	69104	69645	68787	67841	70101	70507	71135	73229	72541	73554	77148
49	83320	80269	80626	79904	78266	75305	76095	73237	68803	64814	63851	63197	59580	60729	65096	67621	69022	69566	68712	67768	70027	70434	71064	73157	72473	73487
50	82301	83174	80135	80495	79780	78142	75192	75982	73135	68710	64730	63767	63115	59508	60653	65017	67544	68948	69495	68644	67704	69960	70372	71002	73095	72415
51	82094	82150	83028	80003	80367	79654	78024	75084	75874	73037	68622	64650	63688	63038	59440	60581	64941	67473	68880	69429	68583	67646	69899	70315	70946	73040
52	80198	81916	81983	82868	79860	80219	79515	77894	74963	75755	72929	68525	64559	63599	62954	59365	60503	64860	67392	68803	69355	68513	67580	69829	70249	70881
53	78284	79976	81702	81781	82671	79673	80035	79340	77729	74810	75603	72790	68396	64440	63481	62843	59263	60399	64750	67285	68696	69253	68415	67484	69730	70153
54	75709	78018	79724	81454	81542	82431	79452	79820	79132	77534	74626	75420	72620	68239	64294	63340	62706	59137	60271	64614	67151	68564	69124	68291	67363	69606
55	75231	75415	77734	79446	81181	81274	82166	79209	79580	78901	77314	74418	75214	72427	68064	64132	63182	62552	58996	60126	64462	66999	68411	68975	68145	67224
56	73040	74910	75118	77436	79153	80888	80990	81888	78951	79326	78657	77081	74198	74995	72223	67879	63959	63013	62385	58844	59973	64300	66836	68248	68814	67991
57	71239	72701	74588	74807	77125	78845	80582	80695	81597	78681	79059	78400	76837	73967	74765	72009	67683	63777	62835	62213	58685	59813	64130	66665	68077	68646
58	68986	70858	72344	74233	74460	76779	78501	80243	80363	81270	78375	78757	78109	76560	73705	74505	71764	67458	63569	62633	62016	58503	59627	63935	66467	67880
59	66112	68560	70457	71945	73837	74070	76390	78114	79859	79989	80898	78028	78413	77778	76240	73406	74205	71483	67199	63326	62397	61786	58290	59411	63708	66237
60	65213	65674	68140	70039	71532	73423	73669	75986	77713	79457	79601	80513	77667	78056	77430	75908	73095	73895	71190	66929	63073	62150	61545	58068	59185	63469
61	64041	64738	65239	67699	69599	71097	72990	73247	75560	77288	79035	79189	80103	77283	77676	77062	75555	72762	73563	70877	66640	62804	61888	61288	57829	58943
62	61738	63517	64251	64765	67218	69119	70620	72515	72782	75089	76819	78565	78731	79648	76855	77253	76651	75161	72388	73189	70525	66316	62500	61590	60997	57558
63	62323	61173	62982	63729	64254	66698	68600	70106	71999	72276	74578	76308	78055	78232	79153	76386	76790	76199	74728	71977	72778	70135	65956	62164	61262	60675
64	62486	61689	60601	62411	63167	63702	66139	68041	69550	71441	71727	74025	75752	77500	77687	78610	75875	76281	75704	74250	71523	72327	69709	65560	61793	60899
65	64029	61779	61050	59991	61798	62566	63110	65540	67439	68950	70837	71133	73422	75150	76897	77096	78020	75317	75728	75163	73728	71029	71831	69240	65122	61387
66	65871	63215	61053	60354	59325	61129	61906	62463	64882	66779	68289	70174	70478	72760	74484	76230	76440	77365	74696	75112	74560	73144	70475	71277	68713	64634
67	71190	64926	62381	60267	59598	58601	60401	61186	61754	64160	66053	67563	69442	69755	72028	73746	75491	75709	76637	74003	74427	73889	72495	69857	70658	68123
68	53809	70052	63977	61492	59430	58791	57826	59618	60412	60993	63383	65270	66774	68643	68964	71227	72938	74679	74907	75837	73243	73672	73150	71779	69176	69976
69	50624	52849	68911	62964	60541	58531	57923	56991	58776	59578	60170	62543	64416	65909	67769	68099	70349	72053	73790	74029	74958	72405	72840	72337	70989	68425
70	51457	49621	51888	67692	61878	59519	57566	56991	56094	57871	58679	59281	61628	63482	64971	66821	67160	69396	71091	72820	73070	74000	71494	71933	71448	70127
71	49324	50326	48620	50863	66392	60717	58425	56532	55994	55131	56897	57712	58319	60642	62483	63965	65805	66154	68372	70058	71778	72039	72968	70510	70955	70489
72	45065	48123	49194	47552	49770	65002	59474	57258	55426	54922	54096	55853	56672	57287	59586	61414	62890	64716	65075	67274	68948	70657	70930	71858	69449	69899
73	41614	43865	46943	48012	46436	48623	63542	58172	56031	54261	53791	53003	54747	55571	56196	58469	60280	61748	63559	63928	66105	67766	69463	69748	70673	68321
74	42171	40412	42697	45721	46785	45275	47431	62022	56813	54746	53043	52609	51861	53589	54417	55048	57295	59088	60546	62340	62719	64873	66518	68203	68500	69422
75	40960	40823	39225	41466	44429	45485	44046	46166	60407	55363	53375	51739	51342	50635	52344	53175	53813	56032	57805	59251	61027	61415	63542	65170	66840	67149
76	39528	39522	39505	37985	40180	43075	44123	42757	44839	58707	53836	51932	50363	50004	49338	51028	51859	52504	54690	56440	57875	59628	60024	62121	63730	65383
77	37184	38004	38124	38137	36696	38840	41667	42706	41413	43455	56930	52239	50418	48921	48600	47975	49643	50474	51123	53273	54998	56420	58150	58551	60617	62207
78	35471	35600	36514	36661	36705	35343	37433	40186	41210	39992	41992	55048	50545	48811	47390	47107	46525	48166	48995	49647	51756	53454	54858	56561	56969	58999
79	33262	33782	34046	34948	35122	35195	33917	35949	38619	39629	38488	40438	53052	48741	47099	45754	45511	44971	46584	47407	48064	50128	51794	53178	54850	55265
80	30577	31491	32134	32423	33313	33512	33615	32422	34389	36971	37964	36901	38797	50940	46832	45284	44019	43814	43318	44898	45716	46373	48387	50019	51378	53016
81	28216	28767	29782	30433	30745	31618	31840	31970	30863	32762	35252	36224	35240	37078	48723	44828	43377	42194	42027	41575	43117	43926	44583	46544	48136	49470
82	27169	26350	27022	28017	28670	29005	29859	30101	30256	29238	31063	33454	34403	33499	35274	46394	42720	41368	40268	40138	39732	41233	42031	42685	44587	46136
83	24595	25162	24563	25230	26200	26853	27206	28040	28299	28479	27548	29293	31579	32501	31681	33386	43953	40508	39258	38242	38147	37787	39243	40027	40675	42513
84	21898	22561	23253	22737	23396	24338	24987	25354	26162	26439	26640	25796	27460	29633	30525	29785	31418	41402	38192	37046	36115	36057	35743	37146	37915	38555
85	19411	19880	20647	21322	20887	21535	22444	23085	23464	24243	24533	24753	23998	25574	27628	28488	27828	29383	38756	35790	34747	33903	33879	33611	34958	35707
86	16640	17417	18001	18732	19387	19031	19663	20534	21164	21550	22297	22597	22832	22165	23647	25575	26401	25820	27291	36035	33314	32375	31619	31625	31402	32686
87	14852	14735	15577	16135	16827	17457	17174	17789	18617	19229	19618	20330	20636	20882	20301	21685	23483	24269	23767	25148	33243	30770	29933	29263	29298	29118
88	13103	12964	13005	13775	14303	14953	15554	15341	15931	16712	17302	17689	18364	18671	18925	18426	19710	21373	22115	21687	22974	30408	28180	27445	26860	26921
89	10827	11266	11280	11340	12038	12537	13141	13709	13560	14120	14851	15412	15792	16427	16732	16988	16568	17749	19272	19969	19611	20802	27569	25584	24948	24443
90+	39542	39917	41303	42488	43557	45094	46879	48986	51357	53334	55600	58276	61163	64077	67229	70296	73236	75450	78453	82458	86610	89936	93918	103487	110164	115426
																										
2014-based projected population by sex and single year of age, 50 per cent future EU migration variant, Scotland 2014-2039 (continued)													2014-based projected population by sex and single year of age, 50 per cent future EU migration variant, Scotland 2014-2039 (continued)													
	2014	2015	2016	2017	2018	2019	2020	2021	2022	2023	2024	2025	2026	2027	2028	2029	2030	2031	2032	2033	2034	2035	2036	2037	2038	2039
																										
MALES													MALES													
All ages	2596384	2606380	2615525	2624553	2633805	2641471	2649274	2657192	2665039	2672772	2680379	2687775	2694898	2701686	2708088	2714047	2719538	2724520	2729000	2732980	2736491	2739518	2742121	2744345	2746220	2747786
0	28913	28602	28474	28315	28496	28710	28877	29006	29083	29119	29115	29084	28997	28867	28714	28530	28334	28143	27970	27827	27696	27576	27489	27449	27440	27459
1	29337	29099	28754	28626	28469	28623	28839	29009	29138	29215	29253	29250	29218	29133	29002	28849	28665	28470	28278	28106	27963	27832	27711	27624	27584	27575
2	30424	29483	29208	28863	28737	28553	28709	28929	29100	29229	29307	29345	29342	29310	29225	29092	28939	28755	28562	28370	28198	28055	27923	27802	27715	27675
3	31184	30531	29556	29282	28938	28789	28607	28764	28986	29156	29286	29364	29402	29399	29367	29283	29150	28996	28812	28619	28427	28254	28111	27979	27859	27771
4	29656	31269	30586	29614	29340	28977	28827	28648	28805	29026	29197	29328	29405	29445	29442	29410	29325	29192	29039	28854	28661	28469	28296	28153	28021	27901
5	30352	29735	31321	30640	29670	29379	29016	28867	28689	28845	29066	29237	29368	29446	29486	29483	29451	29366	29233	29080	28895	28702	28510	28337	28193	28061
6	30378	30425	29784	31371	30692	29708	29417	29054	28905	28726	28883	29103	29275	29406	29484	29525	29522	29489	29404	29272	29119	28934	28742	28548	28375	28231
7	29262	30442	30471	29831	31417	30728	29742	29453	29089	28940	28761	28918	29138	29310	29441	29520	29561	29558	29525	29440	29308	29155	28970	28778	28584	28410
8	28610	29314	30478	30509	29868	31444	30756	29771	29480	29117	28966	28788	28946	29164	29338	29469	29548	29588	29587	29554	29469	29337	29184	28999	28807	28613
9	28635	28657	29345	30511	30543	29892	31468	30782	29796	29505	29141	28990	28812	28970	29188	29363	29495	29573	29613	29612	29580	29495	29363	29210	29025	28832
10	28184	28687	28694	29383	30551	30575	29922	31499	30813	29826	29536	29171	29021	28843	29001	29219	29394	29526	29605	29645	29645	29612	29527	29394	29243	29057
11	27029	28239	28726	28734	29425	30584	30610	29956	31534	30847	29860	29569	29204	29055	28875	29035	29253	29428	29559	29638	29678	29679	29646	29561	29428	29278
12	26889	27070	28264	28753	28762	29443	30603	30631	29976	31555	30869	29880	29588	29224	29075	28895	29055	29273	29448	29579	29658	29698	29700	29666	29581	29448
13	27929	26934	27099	28293	28783	28782	29463	30625	30652	29997	31578	30893	29902	29610	29247	29097	28917	29079	29295	29471	29602	29681	29721	29723	29690	29604
14	29027	27987	26975	27142	28336	28815	28815	29496	30659	30686	30031	31612	30927	29936	29645	29281	29131	28952	29114	29330	29507	29638	29717	29756	29759	29726
15	30060	29083	28025	27015	27182	28364	28843	28844	29524	30687	30714	30059	31641	30956	29967	29675	29311	29160	28981	29144	29360	29537	29668	29747	29786	29789
16	30657	30124	29128	28072	27063	27216	28398	28877	28878	29559	30721	30749	30095	31675	30992	30003	29710	29346	29195	29016	29179	29395	29572	29705	29783	29822
17	31830	30769	30212	29217	28162	27133	27287	28469	28949	28950	29633	30794	30825	30171	31751	31069	30079	29786	29422	29270	29091	29255	29471	29648	29781	29860
18	32612	32192	31085	30522	29528	28426	27394	27546	28728	29214	29218	29901	31067	31104	30450	32030	31353	30359	30063	29697	29543	29365	29528	29745	29924	30058
19	33734	33377	32874	31761	31193	30113	29002	27960	28107	29293	29791	29800	30486	31662	31708	31053	32634	31965	30963	30660	30291	30134	29955	30118	30336	30517
20	35028	34624	34158	33652	32538	31858	30774	29652	28599	28742	29937	30443	30456	31148	32337	32388	31730	33317	32650	31638	31330	30958	30799	30619	30782	31002
21	35258	35773	35249	34786	34283	33054	32375	31289	30159	29101	29242	30442	30953	30969	31665	32859	32915	32253	33845	33179	32162	31851	31480	31317	31137	31300
22	37784	35923	36300	35782	35325	34701	33475	32797	31709	30577	29517	29658	30859	31374	31390	32087	33285	33344	32681	34275	33611	32591	32279	31907	31743	31563
23	38453	38321	36306	36692	36180	35595	34977	33755	33081	31993	30864	29805	29948	31150	31663	31678	32377	33574	33633	32968	34566	33898	32878	32569	32197	32033
24	36695	38728	38440	36438	36837	36209	35633	35022	33806	33137	32052	30930	29878	30022	31221	31730	31743	32440	33633	33689	33026	34621	33950	32935	32630	32259
25	36179	36849	38737	38455	36469	36773	36153	35586	34979	33768	33103	32022	30907	29860	30005	31200	31706	31718	32412	33600	33655	32994	34584	33913	32902	32601
26	36253	36333	36878	38765	38490	36424	36736	36121	35557	34953	33745	33083	32006	30895	29852	29999	31191	31695	31705	32399	33584	33636	32978	34565	33894	32883
27	34898	36406	36372	36919	38812	38461	36405	36722	36109	35548	34944	33740	33080	32006	30897	29858	30004	31196	31697	31708	32400	33583	33635	32979	34562	33891
28	34875	35035	36441	36410	36965	38789	38440	36394	36714	36101	35542	34938	33736	33080	32008	30901	29864	30012	31202	31702	31712	32404	33587	33637	32982	34563
29	34277	34973	35045	36453	36428	36927	38752	38408	36365	36686	36075	35517	34913	33715	33060	31990	30886	29851	29999	31188	31688	31697	32389	33571	33620	32965
30	33152	34377	34992	35066	36479	36402	36905	38731	38386	36348	36670	36061	35503	34901	33706	33051	31984	30882	29847	29996	31185	31684	31694	32385	33565	33614
31	33589	33248	34400	35018	35098	36463	36389	36896	38719	38374	36341	36662	36055	35498	34898	33704	33051	31985	30884	29852	30002	31187	31687	31699	32388	33567
32	33800	33650	33249	34402	35023	35064	36429	36359	36866	38687	38344	36312	36634	36029	35473	34874	33682	33030	31966	30868	29837	29987	31172	31671	31682	32373
33	33945	33871	33667	33270	34425	35010	35053	36419	36351	36857	38676	38335	36308	36627	36025	35470	34872	33681	33030	31968	30872	29841	29990	31175	31674	31686
34	33300	34016	33894	33693	33299	34424	35009	35057	36421	36354	36860	38677	38338	36313	36631	36031	35477	34880	33690	33039	31979	30883	29854	30003	31188	31687
35	32397	33347	34022	33904	33706	33286	34411	35000	35048	36411	36346	36850	38666	38331	36306	36623	36024	35471	34875	33687	33036	31978	30883	29855	30004	31189
36	29842	32443	33358	34034	33919	33698	33282	34407	34997	35045	36407	36343	36848	38664	38330	36308	36624	36027	35474	34879	33692	33041	31986	30890	29863	30013
37	29753	29884	32451	33367	34047	33912	33694	33280	34402	34994	35041	36402	36342	36846	38661	38332	36311	36626	36031	35477	34883	33699	33047	31994	30897	29870
38	31344	29774	29878	32443	33362	34027	33893	33678	33264	34385	34978	35024	36386	36329	36832	38646	38319	36300	36614	36021	35467	34875	33692	33041	31989	30893
39	31368	31331	29742	29846	32410	33319	33982	33852	33638	33225	34344	34936	34985	36347	36289	36793	38606	38281	36265	36578	35987	35433	34843	33662	33012	31961
40	32149	31352	31292	29708	29814	32363	33272	33936	33808	33594	33182	34299	34893	34943	36302	36247	36751	38561	38240	36227	36540	35950	35398	34809	33630	32980
41	33967	32140	31325	31266	29686	29779	32326	33237	33902	33775	33562	33152	34268	34861	34913	36271	36217	36721	38531	38213	36204	36516	35928	35378	34788	33611
42	35725	33938	32100	31284	31227	29642	29736	32281	33194	33858	33734	33521	33112	34226	34820	34875	36231	36178	36684	38493	38179	36172	36482	35896	35347	34758
43	36863	35681	33885	32051	31237	31173	29593	29687	32228	33144	33808	33686	33474	33066	34179	34772	34829	36185	36135	36639	38449	38139	36133	36442	35859	35312
44	36585	36820	35632	33841	32010	31189	31128	29552	29646	32184	33102	33766	33646	33434	33028	34139	34734	34793	36149	36102	36605	38415	38108	36105	36415	35832
45	37998	36525	36753	35570	33784	31951	31131	31072	29501	29594	32128	33047	33712	33594	33382	32979	34090	34685	34746	36101	36056	36561	38370	38066	36066	36374
46	38731	37922	36446	36677	35498	33712	31884	31068	31008	29441	29533	32065	32985	33651	33533	33324	32922	34032	34630	34691	36045	36003	36509	38316	38015	36017
47	39506	38646	37838	36368	36599	35421	33640	31818	31003	30943	29382	29473	32002	32923	33590	33475	33266	32867	33975	34575	34637	35990	35951	36456	38263	37964
48	38983	39407	38550	37748	36281	36512	35338	33564	31746	30932	30874	29318	29408	31934	32858	33524	33412	33203	32806	33914	34515	34577	35931	35894	36398	38203
49	40584	38888	39312	38460	37662	36198	36432	35263	33494	31681	30870	30812	29260	29350	31872	32799	33465	33355	33148	32753	33860	34461	34525	35878	35843	36347
50	39732	40489	38803	39228	38381	37585	36128	36363	35199	33435	31627	30816	30760	29213	29302	31821	32751	33418	33310	33104	32711	33817	34420	34485	35838	35804
51	39875	39638	40398	38722	39147	38306	37514	36062	36299	35139	33381	31577	30767	30712	29169	29258	31775	32707	33375	33270	33066	32674	33778	34385	34450	35803
52	39351	39759	39530	40295	38628	39052	38218	37431	35985	36224	35069	33318	31517	30708	30656	29118	29207	31721	32654	33324	33221	33018	32629	33731	34339	34406
53	38243	39210	39627	39405	40173	38514	38940	38113	37331	35893	36134	34985	33239	31443	30636	30588	29055	29143	31653	32589	33258	33159	32958	32570	33671	34279
54	37187	38086	39063	39485	39269	40037	38391	38820	37998	37224	35792	36034	34893	33153	31363	30559	30513	28985	29074	31578	32517	33187	33090	32891	32505	33605
55	36592	37007	37916	38897	39323	39114	39883	38251	38681	37866	37098	35674	35918	34783	33053	31270	30469	30424	28903	28992	31491	32431	33100	33007	32809	32426
56	35552	36396	36827	37737	38721	39150	38949	39720	38100	38532	37725	36964	35548	35794	34666	32946	31169	30372	30327	28814	28903	31396	32338	33007	32916	32720
57	34895	35352	36208	36646	37558	38544	38977	38784	39557	37951	38383	37584	36831	35423	35670	34550	32839	31070	30276	30232	28726	28817	31302	32246	32915	32827
58	33754	34674	35149	36008	36450	37365	38353	38791	38604	39379	37787	38220	37430	36685	35285	35534	34421	32719	30960	30171	30128	28630	28720	31198	32143	32813
59	32194	33503	34440	34919	35781	36227	37144	38134	38576	38396	39172	37596	38030	37250	36511	35122	35372	34268	32578	30827	30043	30002	28513	28603	31074	32018
60	31896	31928	33250	34189	34674	35537	35989	36907	37898	38343	38173	38949	37388	37824	37053	36323	34946	35197	34102	32423	30682	29902	29863	28384	28474	30936
61	31236	31605	31665	32984	33924	34415	35280	35737	36656	37647	38097	37934	38710	37166	37603	36842	36121	34755	35008	33922	32256	30526	29751	29714	28244	28334
62	30105	30919	31313	31383	32698	33640	34135	35002	35464	36382	37374	37827	37672	38449	36921	37360	36609	35898	34544	34798	33723	32071	30352	29582	29548	28088
63	30290	29766	30602	31005	31084	32395	33339	33839	34706	35172	36090	37081	37539	37392	38170	36658	37099	36358	35657	34316	34571	33506	31869	30163	29399	29367
64	30600	29920	29435	30273	30683	30771	32078	33024	33528	34395	34865	35783	36773	37235	37097	37873	36382	36822	36092	35400	34073	34330	33278	31655	29962	29204
65	31190	30192	29558	29091	29929	30348	30444	31747	32692	33200	34068	34541	35457	36447	36913	36784	37559	36087	36528	35808	35127	33815	34072	33033	31425	29748
66	31986	30717	29773	29161	28713	29551	29976	30082	31379	32324	32834	33703	34178	35094	36080	36550	36430	37203	35752	36194	35485	34815	33519	33777	32751	31161
67	34396	31435	30234	29317	28728	28300	29138	29569	29684	30973	31916	32430	33296	33775	34689	35671	36145	36032	36804	35374	35819	35122	34464	33185	33443	32432
68	26017	33733	30883	29718	28832	28266	27857	28693	29129	29255	30535	31475	31989	32850	33331	34243	35220	35696	35591	36361	34956	35401	34717	34072	32812	33071
69	24005	25456	33073	30299	29171	28316	27773	27383	28217	28658	28794	30063	30996	31508	32365	32847	33755	34726	35206	35109	35875	34495	34941	34272	33640	32402
70	24560	23431	24902	32376	29679	28589	27767	27248	26879	27710	28155	28300	29554	30476	30989	31842	32326	33229	34194	34674	34586	35349	33997	34443	33789	33172
71	22961	23912	22865	24317	31638	29022	27971	27183	26691	26341	27168	27617	27769	29007	29923	30436	31285	31771	32666	33625	34106	34027	34785	33462	33908	33270
72	20722	22287	23270	22266	23698	30856	28324	27317	26562	26096	25767	26591	27042	27202	28426	29335	29848	30691	31178	32066	33017	33498	33428	34181	32888	33333
73	18871	20053	21629	22602	21642	23051	30039	27594	26630	25909	25469	25161	25979	26432	26602	27809	28710	29223	30060	30547	31426	32368	32848	32788	33534	32274
74	19059	18214	19413	20958	21918	21003	22387	29198	26842	25919	25234	24820	24534	25345	25800	25977	27168	28060	28571	29401	29887	30757	31688	32168	32118	32857
75	18503	18325	17572	18745	20255	21201	20333	21690	28313	26046	25167	24517	24130	23866	24669	25125	25310	26483	27364	27873	28694	29179	30039	30957	31435	31395
76	17736	17724	17618	16910	18055	19527	20458	19637	20965	27389	25216	24383	23767	23408	23165	23960	24415	24607	25760	26628	27137	27946	28428	29275	30180	30656
77	16146	16924	16982	16897	16234	17349	18782	19697	18923	20221	26438	24360	23571	22992	22660	22439	23223	23677	23875	25006	25861	26368	27165	27643	28477	29369
78	15326	15329	16142	16216	16152	15534	16617	18008	18903	18177	19442	25441	23461	22717	22177	21872	21674	22444	22896	23099	24206	25045	25548	26331	26805	27624
79	14229	14465	14541	15333	15422	15379	14806	15856	17200	18073	17397	18624	24394	22513	21818	21314	21038	20860	21616	22064	22273	23353	24175	24673	25439	25909
80	12878	13341	13641	13733	14502	14604	14583	14055	15067	16362	17211	16583	17771	23300	21522	20874	20409	20160	20003	20743	21186	21399	22450	23253	23743	24491
81	11713	11990	12503	12807	12914	13656	13770	13768	13285	14257	15502	16323	15744	16890	22167	20494	19895	19469	19247	19110	19831	20268	20485	21505	22286	22768
82	10938	10813	11149	11650	11955	12077	12790	12914	12930	12493	13423	14612	15405	14875	15975	20989	19424	18875	18486	18291	18175	18875	19304	19524	20510	21267
83	9747	10000	9967	10299	10785	11090	11223	11906	12039	12071	11678	12564	13695	14456	13976	15027	19766	18312	17812	17460	17291	17196	17873	18292	18513	19463
84	8348	8814	9127	9119	9445	9915	10217	10360	11009	11150	11197	10847	11687	12756	13482	13051	14050	18503	17161	16710	16396	16253	16177	16828	17237	17457
85	7278	7461	7958	8263	8277	8596	9046	9343	9494	10107	10254	10315	10007	10797	11803	12492	12109	13053	17208	15982	15578	15301	15183	15126	15749	16144
86	6022	6417	6653	7117	7411	7446	7755	8182	8473	8629	9204	9355	9427	9161	9898	10837	11488	11151	12037	15888	14777	14420	14180	14084	14045	14636
87	5219	5232	5645	5871	6300	6581	6633	6931	7333	7614	7773	8309	8461	8542	8315	8999	9869	10478	10187	11012	14553	13555	13244	13038	12964	12942
88	4448	4467	4540	4913	5126	5520	5786	5852	6135	6511	6780	6939	7435	7586	7674	7484	8114	8913	9478	9230	9991	13222	12334	12067	11894	11840
89	3623	3748	3821	3896	4229	4429	4786	5035	5112	5378	5726	5979	6136	6591	6740	6831	6675	7250	7977	8498	8289	8987	11911	11129	10903	10759
90+	10978	11404	12069	12681	13253	14023	14853	15877	16980	18007	19135	20427	21778	23098	24650	26135	27510	28563	29985	31864	33966	35610	37659	42049	45196	47718
																										
2014-based projected population by sex and single year of age, 50 per cent future EU migration variant, Scotland 2014-2039 (continued)													2014-based projected population by sex and single year of age, 50 per cent future EU migration variant, Scotland 2014-2039 (continued)													
	2014	2015	2016	2017	2018	2019	2020	2021	2022	2023	2024	2025	2026	2027	2028	2029	2030	2031	2032	2033	2034	2035	2036	2037	2038	2039
FEMALES																										
All ages	2751216	2758352	2764753	2771079	2777719	2782640	2787768	2793049	2798344	2803635	2808871	2814011	2818966	2823672	2828058	2832041	2835570	2838639	2841208	2843281	2844886	2846027	2846734	2847093	2847145	2846935
0	27384	27249	27124	26974	27145	27350	27509	27630	27706	27739	27736	27705	27623	27499	27353	27178	26988	26807	26642	26507	26382	26267	26185	26147	26139	26156
1	28115	27559	27391	27268	27119	27264	27472	27631	27754	27831	27864	27861	27831	27750	27626	27479	27303	27114	26933	26768	26634	26509	26394	26312	26275	26267
2	28804	28261	27671	27505	27383	27209	27355	27564	27723	27847	27924	27957	27956	27925	27844	27720	27573	27397	27208	27026	26861	26727	26603	26488	26406	26370
3	29823	28932	28357	27769	27603	27459	27288	27434	27643	27803	27927	28005	28038	28036	28006	27925	27800	27652	27479	27290	27108	26941	26807	26684	26568	26486
4	28590	29934	29014	28440	27853	27665	27524	27355	27500	27709	27870	27994	28073	28105	28104	28073	27992	27867	27719	27546	27357	27175	27008	26873	26751	26635
5	29424	28686	30006	29088	28514	27909	27721	27581	27412	27557	27767	27928	28052	28131	28163	28163	28132	28051	27926	27777	27605	27416	27233	27067	26932	26810
6	29276	29507	28746	30066	29151	28560	27957	27768	27629	27461	27604	27815	27977	28100	28180	28214	28213	28182	28100	27974	27827	27654	27465	27282	27117	26982
7	27994	29341	29555	28794	30115	29187	28598	27995	27806	27667	27499	27643	27854	28015	28139	28219	28253	28252	28221	28139	28013	27866	27693	27504	27321	27156
8	27547	28051	29382	29599	28838	30150	29221	28633	28029	27840	27701	27534	27678	27889	28049	28173	28253	28288	28287	28256	28174	28048	27900	27729	27538	27355
9	27107	27599	28087	29420	29640	28870	30181	29252	28664	28060	27871	27732	27565	27709	27920	28080	28204	28284	28319	28318	28289	28205	28080	27932	27761	27570
10	26496	27154	27633	28121	29456	29666	28896	30207	29279	28691	28087	27897	27759	27591	27735	27947	28108	28232	28312	28346	28346	28315	28233	28108	27960	27788
11	26013	26539	27183	27664	28153	29478	29689	28919	30231	29303	28715	28112	27921	27783	27614	27758	27971	28132	28256	28337	28371	28371	28339	28257	28132	27984
12	25884	26050	26563	27208	27691	28171	29497	29708	28937	30250	29322	28734	28131	27940	27803	27634	27778	27991	28152	28276	28357	28392	28391	28359	28277	28153
13	27062	25917	26069	26582	27229	27703	28183	29510	29719	28948	30263	29334	28748	28143	27952	27815	27646	27790	28003	28165	28289	28370	28405	28404	28373	28290
14	27349	27099	25940	26092	26607	27244	27720	28200	29526	29735	28966	30280	29352	28766	28161	27970	27832	27662	27807	28020	28182	28306	28386	28423	28422	28391
15	28545	27398	27134	25975	26128	26633	27271	27748	28229	29555	29765	28996	30310	29382	28796	28190	27998	27860	27690	27834	28049	28211	28335	28415	28452	28451
16	29163	28605	27441	27177	26020	26162	26667	27306	27783	28264	29591	29802	29033	30346	29419	28832	28227	28035	27897	27727	27871	28085	28247	28371	28452	28489
17	30251	29286	28703	27539	27276	26101	26241	26748	27387	27866	28349	29677	29889	29121	30434	29508	28922	28315	28121	27983	27813	27957	28171	28333	28458	28539
18	30968	30767	29748	29156	27989	27672	26493	26625	27135	27780	28265	28754	30087	30310	29543	30852	29937	29344	28731	28531	28391	28221	28364	28581	28745	28873
19	33033	32066	31757	30730	30126	28847	28517	27328	27449	27965	28621	29118	29616	30968	31208	30438	31750	30841	30235	29610	29402	29259	29087	29230	29451	29619
20	34563	34230	33117	32806	31774	31028	29735	29397	28196	28311	28834	29500	30006	30513	31886	32135	31358	32679	31767	31150	30514	30304	30157	29982	30128	30350
21	35723	35502	35011	33897	33592	32411	31664	30367	30024	28819	28932	29457	30127	30637	31150	32531	32784	32003	33330	32416	31792	31153	30942	30793	30618	30764
22	38871	36499	36102	35616	34509	34048	32869	32125	30828	30485	29279	29393	29919	30590	31101	31615	32996	33249	32467	33797	32880	32257	31616	31406	31257	31081
23	38606	39302	36738	36362	35888	34627	34179	33008	32270	30978	30644	29440	29562	30087	30754	31260	31769	33146	33390	32607	33940	33016	32399	31763	31556	31409
24	36646	38657	39162	36618	36270	35668	34423	33990	32828	32100	30819	30495	29301	29430	29949	30609	31106	31608	32973	33206	32427	33755	32827	32221	31592	31392
25	35995	36686	38533	39035	36515	36072	35480	34249	33820	32666	31944	30673	30355	29171	29301	29816	30470	30961	31459	32813	33040	32266	33587	32660	32060	31438
26	36648	36115	36680	38524	39028	36429	35998	35412	34186	33760	32610	31893	30625	30312	29132	29263	29776	30427	30915	31409	32760	32983	32211	33529	32601	32005
27	35933	36794	36153	36721	38568	38993	36405	35980	35395	34174	33749	32602	31888	30623	30310	29136	29268	29779	30427	30912	31405	32754	32974	32203	33520	32593
28	35421	36091	36858	36221	36792	38571	38999	36418	35993	35410	34191	33767	32623	31910	30647	30335	29164	29297	29808	30454	30938	31429	32775	32995	32226	33540
29	35683	35563	36152	36921	36288	36804	38585	39014	36436	36010	35430	34211	33790	32647	31935	30673	30361	29193	29327	29836	30483	30965	31455	32801	33020	32251
30	34586	35816	35626	36218	36989	36311	36829	38611	39041	36464	36039	35458	34240	33821	32679	31967	30705	30395	29227	29361	29871	30517	30998	31488	32833	33052
31	35202	34717	35888	35699	36296	37028	36353	36873	38654	39085	36510	36083	35503	34285	33866	32723	32013	30752	30440	29273	29407	29918	30562	31043	31534	32879
32	35934	35321	34786	35958	35773	36338	37070	36398	36917	38699	39130	36556	36129	35549	34330	33912	32767	32059	30798	30486	29318	29452	29964	30608	31089	31582
33	35334	36032	35376	34842	36017	35805	36370	37105	36433	36952	38734	39166	36593	36165	35584	34366	33948	32802	32094	30834	30521	29354	29487	29999	30644	31126
34	34655	35424	36084	35430	34901	36051	35840	36408	37143	36471	36989	38772	39205	36634	36204	35622	34405	33985	32840	32133	30872	30559	29393	29525	30037	30683
35	33126	34755	35490	36154	35503	34951	36101	35893	36461	37197	36525	37043	38827	39263	36693	36259	35678	34461	34040	32895	32188	30926	30612	29447	29577	30088
36	31341	33214	34814	35553	36219	35547	34998	36149	35942	36509	37246	36576	37092	38877	39315	36746	36310	35728	34511	34091	32945	32238	30975	30661	29497	29625
37	30293	31405	33252	34854	35596	36244	35575	35026	36178	35972	36539	37275	36607	37122	38908	39346	36779	36342	35759	34544	34122	32976	32271	31008	30693	29529
38	32403	30344	31431	33280	34884	35612	36260	35594	35043	36195	35991	36556	37293	36626	37140	38926	39364	36799	36363	35779	34565	34143	32998	32293	31030	30716
39	33020	32439	30363	31448	33299	34890	35619	36268	35601	35050	36202	36000	36565	37301	36634	37149	38934	39373	36811	36374	35789	34577	34156	33011	32307	31044
40	33179	33049	32449	30375	31460	33299	34892	35622	36271	35605	35054	36206	36004	36569	37305	36639	37154	38939	39380	36819	36381	35797	34585	34165	33020	32316
41	35381	33211	33064	32465	30394	31465	33306	34901	35631	36280	35616	35065	36218	36016	36581	37317	36653	37167	38952	39394	36836	36397	35813	34602	34182	33038
42	38075	35406	33223	33077	32479	30399	31468	33311	34907	35638	36287	35625	35074	36227	36026	36592	37327	36665	37178	38964	39407	36852	36411	35827	34618	34198
43	39781	38087	35408	33226	33080	32475	30397	31464	33307	34905	35635	36286	35625	35076	36228	36027	36594	37329	36668	37181	38968	39412	36858	36417	35834	34626
44	39213	39784	38082	35406	33225	33071	32469	30392	31458	33302	34900	35631	36282	35623	35075	36225	36027	36592	37330	36671	37182	38968	39414	36863	36420	35839
45	40706	39210	39770	38072	35400	33213	33060	32458	30383	31449	33293	34891	35623	36275	35618	35069	36219	36023	36588	37327	36669	37181	38966	39413	36864	36421
46	41544	40699	39198	39758	38064	35387	33202	33049	32448	30377	31441	33285	34884	35616	36268	35614	35065	36216	36020	36585	37326	36669	37180	38967	39415	36868
47	41388	41521	40673	39175	39734	38038	35366	33183	33031	32431	30361	31424	33269	34868	35600	36253	35601	35052	36204	36008	36574	37315	36661	37170	38958	39407
48	41419	41356	41485	40640	39145	39700	38008	35339	33159	33007	32409	30342	31402	33248	34847	35580	36233	35584	35035	36187	35992	36558	37298	36647	37156	38945
49	42736	41381	41314	41444	40604	39107	39663	37974	35309	33133	32981	32385	30320	31379	33224	34822	35557	36211	35564	35015	36167	35973	36539	37279	36630	37140
50	42569	42685	41332	41267	41399	40557	39064	39619	37936	35275	33103	32951	32355	30295	31351	33196	34793	35530	36185	35540	34993	36143	35952	36517	37257	36611
51	42219	42512	42630	41281	41220	41348	40510	39022	39575	37898	35241	33073	32921	32326	30271	31323	33166	34766	35505	36159	35517	34972	36121	35930	36496	37237
52	40847	42157	42453	42573	41232	41167	41297	40463	38978	39531	37860	35207	33042	32891	32298	30247	31296	33139	34738	35479	36134	35495	34951	36098	35910	36475
53	40041	40766	42075	42376	42498	41159	41095	41227	40398	38917	39469	37805	35157	32997	32845	32255	30208	31256	33097	34696	35438	36094	35457	34914	36059	35874
54	38522	39932	40661	41969	42273	42394	41061	41000	41134	40310	38834	39386	37727	35086	32931	32781	32193	30152	31197	33036	34634	35377	36034	35400	34858	36001
55	38639	38408	39818	40549	41858	42160	42283	40958	40899	41035	40216	38744	39296	37644	35011	32862	32713	32128	30093	31134	32971	34568	35311	35968	35336	34798
56	37488	38514	38291	39699	40432	41738	42041	42168	40851	40794	40932	40117	38650	39201	37557	34933	32790	32641	32058	30030	31070	32904	34498	35241	35898	35271
57	36344	37349	38380	38161	39567	40301	41605	41911	42040	40730	40676	40816	40006	38544	39095	37459	34844	32707	32559	31981	29959	30996	32828	34419	35162	35819
58	35232	36184	37195	38225	38010	39414	40148	41452	41759	41891	40588	40537	40679	39875	38420	38971	37343	34739	32609	32462	31888	29873	30907	32737	34324	35067
59	33918	35057	36017	37026	38056	37843	39246	39980	41283	41593	41726	40432	40383	40528	39729	38284	38833	37215	34621	32499	32354	31784	29777	30808	32634	34219
60	33317	33746	34890	35850	36858	37886	37680	39079	39815	41114	41428	41564	40279	40232	40377	39585	38149	38698	37088	34506	32391	32248	31682	29684	30711	32533
61	32805	33133	33574	34715	35675	36682	37710	37510	38904	39641	40938	41255	41393	40117	40073	40220	39434	38007	38555	36955	34384	32278	32137	31574	29585	30609
62	31633	32598	32938	33382	34520	35479	36485	37513	37318	38707	39445	40738	41059	41199	39934	39893	40042	39263	37844	38391	36802	34245	32148	32008	31449	29470
63	32033	31407	32380	32724	33170	34303	35261	36267	37293	37104	38488	39227	40516	40840	40983	39728	39691	39841	39071	37661	38207	36629	34087	32001	31863	31308
64	31886	31769	31166	32138	32484	32931	34061	35017	36022	37046	36862	38242	38979	40265	40590	40737	39493	39459	39612	38850	37450	37997	36431	33905	31831	31695
65	32839	31587	31492	30900	31869	32218	32666	33793	34747	35750	36769	36592	37965	38703	39984	40312	40461	39230	39200	39355	38601	37214	37759	36207	33697	31639
66	33885	32498	31280	31193	30612	31578	31930	32381	33503	34455	35455	36471	36300	37666	38404	39680	40010	40162	38944	38918	39075	38329	36956	37500	35962	33473
67	36794	33491	32147	30950	30870	30301	31263	31617	32070	33187	34137	35133	36146	35980	37339	38075	39346	39677	39833	38629	38608	38767	38031	36672	37215	35691
68	27792	36319	33094	31774	30598	30525	29969	30925	31283	31738	32848	33795	34785	35793	35633	36984	37718	38983	39316	39476	38287	38271	38433	37707	36364	36905
69	26619	27393	35838	32665	31370	30215	30150	29608	30559	30920	31376	32480	33420	34401	35404	35252	36594	37327	38584	38920	39083	37910	37899	38065	37349	36023
70	26897	26190	26986	35316	32199	30930	29799	29743	29215	30161	30524	30981	32074	33006	33982	34979	34834	36167	36897	38146	38484	38651	37497	37490	37659	36955
71	26363	26414	25755	26546	34754	31695	30454	29349	29303	28790	29729	30095	30550	31635	32560	33529	34520	34383	35706	36433	37672	38012	38183	37048	37047	37219
72	24343	25836	25924	25286	26072	34146	31150	29941	28864	28826	28329	29262	29630	30085	31160	32079	33042	34025	33897	35208	35931	37159	37502	37677	36561	36566
73	22743	23812	25314	25410	24794	25572	33503	30578	29401	28352	28322	27842	28768	29139	29594	30660	31570	32525	33499	33381	34679	35398	36615	36960	37139	36047
74	23112	22198	23284	24763	24867	24272	25044	32824	29971	28827	27809	27789	27327	28244	28617	29071	30127	31028	31975	32939	32832	34116	34830	36035	36382	36565
75	22457	22498	21653	22721	24174	24284	23713	24476	32094	29317	28208	27222	27212	26769	27675	28050	28503	29549	30441	31378	32333	32236	33503	34213	35405	35754
76	21792	21798	21887	21075	22125	23548	23665	23120	23874	31318	28620	27549	26596	26596	26173	27068	27444	27897	28930	29812	30738	31682	31596	32846	33550	34727
77	21038	21080	21142	21240	20462	21491	22885	23009	22490	23234	30492	27879	26847	25929	25940	25536	26420	26797	27248	28267	29137	30052	30985	30908	32140	32838
78	20145	20271	20372	20445	20553	19809	20816	22178	22307	21815	22550	29607	27084	26094	25213	25235	24851	25722	26099	26548	27550	28409	29310	30230	30164	31375
79	19033	19317	19505	19615	19700	19816	19111	20093	21419	21556	21091	21814	28658	26228	25281	24440	24473	24111	24968	25343	25791	26775	27619	28505	29411	29356
80	17699	18150	18493	18690	18811	18908	19032	18367	19322	20609	20753	20318	21026	27640	25310	24410	23610	23654	23315	24155	24530	24974	25937	26766	27635	28525
81	16503	16777	17279	17626	17831	17962	18070	18202	17578	18505	19750	19901	19496	20188	26556	24334	23482	22725	22780	22465	23286	23658	24098	25039	25850	26702
82	16231	15537	15873	16367	16715	16928	17069	17187	17326	16745	17640	18842	18998	18624	19299	25405	23296	22493	21782	21847	21557	22358	22727	23161	24077	24869
83	14848	15162	14596	14931	15415	15763	15983	16134	16260	16408	15870	16729	17884	18045	17705	18359	24187	22196	21446	20782	20856	20591	21370	21735	22162	23050
84	13550	13747	14126	13618	13951	14423	14770	14994	15153	15289	15443	14949	15773	16877	17043	16734	17368	22899	21031	20336	19719	19804	19566	20318	20678	21098
85	12133	12419	12689	13059	12610	12939	13398	13742	13970	14136	14279	14438	13991	14777	15825	15996	15719	16330	21548	19808	19169	18602	18696	18485	19209	19563
86	10618	11000	11348	11615	11976	11585	11908	12352	12691	12921	13093	13242	13405	13004	13749	14738	14913	14669	15254	20147	18537	17955	17439	17541	17357	18050
87	9633	9503	9932	10264	10527	10876	10541	10858	11284	11615	11845	12021	12175	12340	11986	12686	13614	13791	13580	14136	18690	17215	16689	16225	16334	16176
88	8655	8497	8465	8862	9177	9433	9768	9489	9796	10201	10522	10750	10929	11085	11251	10942	11596	12460	12637	12457	12983	17186	15846	15378	14966	15081
89	7204	7518	7459	7444	7809	8108	8355	8674	8448	8742	9125	9433	9656	9836	9992	10157	9893	10499	11295	11471	11322	11815	15658	14455	14045	13684
90+	28564	28513	29234	29807	30304	31071	32026	33109	34377	35327	36465	37849	39385	40979	42579	44161	45726	46887	48468	50594	52644	54326	56259	61438	64968	67708
																										
© Crown Copyright 2016																										
