2014-based projected population by sex and single year of age 150 per cent future EU migration variant Scotland 2014-2039																										
													2014-based projected population by sex and single year of age 150 per cent future EU migration variant Scotland 2014-2039 (continued)													
	2014	2015	2016	2017	2018	2019	2020	2021	2022	2023	2024	2025	2026	2027	2028	2029	2030	2031	2032	2033	2034	2035	2036	2037	2038	2039
																										
PERSONS													PERSONS													
All ages	5347600	5364732	5380278	5395632	5411524	5431858	5452792	5474261	5495912	5517684	5539539	5561359	5583004	5604329	5625228	5645536	5665171	5684072	5702174	5719473	5736007	5751737	5766728	5781083	5794875	5808165
0	56297	55851	55598	55289	55641	56218	56750	57221	57621	57943	58199	58415	58532	58562	58538	58453	58323	58199	58087	58010	57933	57852	57814	57850	57935	58052
1	57452	56658	56145	55894	55588	56002	56584	57118	57592	57992	58315	58573	58790	58908	58937	58913	58827	58698	58573	58462	58387	58309	58227	58188	58226	58311
2	59228	57744	56879	56368	56120	55870	56288	56874	57409	57885	58286	58609	58867	59083	59203	59230	59205	59119	58992	58866	58755	58680	58602	58521	58481	58519
3	61007	59463	57913	57051	56541	56342	56096	56517	57105	57639	58116	58518	58842	59099	59315	59436	59463	59436	59351	59224	59098	58986	58911	58832	58752	58711
4	58246	61203	59600	58054	57193	56726	56529	56289	56709	57296	57831	58310	58712	59037	59295	59510	59630	59657	59631	59545	59418	59292	59180	59104	59026	58946
5	59776	58421	61327	59728	58184	57361	56894	56700	56461	56880	57468	58003	58482	58885	59210	59469	59684	59804	59831	59804	59719	59591	59464	59353	59277	59199
6	59654	59932	58530	61437	59843	58330	57509	57042	56849	56610	57028	57616	58153	58631	59035	59362	59620	59835	59954	59981	59956	59870	59743	59614	59504	59428
7	57256	59783	60026	58625	61532	59969	58456	57637	57169	56976	56737	57156	57744	58280	58759	59164	59491	59749	59964	60083	60110	60085	59999	59872	59743	59632
8	56157	57365	59860	60108	58706	61640	60078	58567	57745	57278	57083	56846	57266	57852	58389	58868	59273	59600	59860	60075	60194	60221	60195	60110	59981	59852
9	55742	56256	57432	59931	60183	58804	61738	60178	58666	57844	57376	57181	56944	57364	57950	58488	58968	59372	59699	59959	60176	60293	60322	60296	60211	60081
10	54680	55841	56327	57504	60007	60282	58903	61837	60278	58766	57944	57475	57282	57044	57463	58050	58589	59069	59473	59800	60062	60277	60395	60423	60399	60313
11	53042	54778	55909	56398	57578	60103	60382	59004	61940	60379	58868	58045	57575	57383	57143	57564	58152	58691	59170	59574	59902	60163	60378	60496	60525	60501
12	52773	53120	54827	55961	56453	57654	60181	60463	59083	62021	60461	58948	58124	57655	57464	57224	57645	58233	58772	59251	59655	59984	60245	60459	60577	60607
13	54991	52851	53168	54875	56012	56526	57727	60257	60536	59156	62098	60538	59025	58199	57731	57539	57299	57722	58308	58849	59328	59732	60061	60322	60538	60654
14	56376	55086	52915	53234	54943	56104	56622	57823	60353	60632	59254	62194	60636	59123	58298	57829	57636	57395	57819	58406	58948	59427	59830	60160	60422	60638
15	58605	56481	55159	52990	53310	55046	56209	56729	57930	60460	60740	59362	62303	60745	59234	58407	57937	57743	57502	57926	58514	59056	59535	59938	60269	60531
16	59820	58729	56569	55249	53083	53432	55169	56333	56853	58055	60585	60867	59490	62428	60873	59361	58534	58064	57870	57629	58053	58640	59182	59663	60066	60397
17	62081	60055	58915	56756	55438	53310	53658	55397	56562	57084	58289	60820	61106	59730	62668	61115	59603	58773	58302	58107	57866	58291	58878	59420	59902	60306
18	63580	62959	60833	59678	57517	56281	54146	54485	56226	57404	57935	59146	61686	61989	60615	63548	62012	60488	59650	59170	58972	58731	59154	59745	60291	60777
19	66767	65443	64631	62491	61319	59318	58063	55908	56231	57982	59182	59731	60955	63523	63852	62474	65411	63890	62344	61486	60996	60793	60549	60972	61568	62120
20	69591	68854	67275	66458	64312	63360	61344	60072	57894	58207	59974	61192	61754	62993	65594	65938	64549	67502	65979	64413	63538	63043	62835	62587	63013	63612
21	70981	71275	70260	68683	67875	65981	65029	63010	61725	59538	59849	61623	62849	63417	64666	67280	67632	66238	69201	67678	66100	65219	64721	64509	64262	64688
22	76655	72422	72402	71398	69834	69320	67433	66489	64468	63180	60990	61301	63078	64309	64878	66128	68748	69101	67706	70674	69150	67570	66687	66188	65975	65727
23	77059	77623	73044	73054	72068	70821	70330	68457	67525	65508	64231	62045	62367	64142	65369	65931	67178	69794	70136	68739	71714	70180	68603	67730	67235	67023
24	73341	77385	77602	73056	73107	72397	71177	70713	68853	67936	65934	64672	62503	62834	64599	65816	66367	67607	70206	70533	69140	72110	70569	69007	68145	67659
25	72174	73535	77270	77490	72984	73270	72580	71384	70928	69080	68173	66186	64936	62781	63115	64871	66079	66623	67855	70439	70760	69373	72330	70792	69239	68387
26	72901	72448	73558	77289	77518	73217	73527	72849	71660	71210	69369	68469	66490	65248	63100	63438	65190	66392	66931	68159	70736	71053	69669	72620	71081	69535
27	70831	73200	72525	73640	77380	77774	73496	73819	73144	71961	71513	69678	68784	66811	65571	63433	63769	65520	66718	67254	68479	71050	71366	69985	72930	71391
28	70296	71126	73299	72631	73757	77642	78042	73782	74107	73434	72255	71808	69977	69088	67118	65881	63749	64088	65836	67031	67566	68789	71356	71670	70293	73232
29	69960	70536	71197	73374	72716	73971	77859	78266	74013	74337	73668	72491	72046	70219	69332	67365	66131	64004	64343	66089	67285	67817	69039	71604	71918	70540
30	67738	70193	70618	71284	73468	72925	74186	78078	78486	74238	74564	73896	72719	72277	70454	69566	67603	66372	64246	64586	66333	67526	68059	69280	71841	72155
31	68791	67965	70288	70717	71394	73674	73139	74407	78295	78704	74461	74784	74119	72942	72502	70679	69794	67832	66601	64478	64819	66564	67756	68291	69512	72071
32	69734	68971	68035	70360	70796	71557	73838	73311	74578	78464	78875	74633	74957	74293	73116	72678	70855	69973	68011	66784	64660	65001	66747	67938	68472	69697
33	69279	69903	69043	68112	70442	70951	71716	74001	73476	74742	78626	79039	74802	75122	74461	73285	72846	71024	70143	68183	66957	64833	65174	66918	68110	68647
34	67955	69440	69978	69123	68200	70591	71104	71876	74160	73635	74902	78784	79199	74966	75282	74621	73447	73007	71186	70306	68346	67120	64999	65339	67083	68276
35	65523	68102	69512	70058	69209	68339	70731	71252	72024	74308	73785	75050	78930	79352	75121	75431	74771	73598	73157	71339	70457	68498	67272	65152	65491	67234
36	61183	65657	68172	69587	70138	69337	68473	70868	71391	72162	74445	73924	75189	79069	79493	75266	75573	74913	73740	73299	71481	70599	68641	67414	65296	65633
37	60046	61289	65703	68221	69643	70236	69441	68580	70973	71498	72269	74548	74034	75296	79176	79605	75380	75684	75025	73852	73409	71593	70713	68755	67527	65410
38	63747	60118	61309	65723	68246	69707	70301	69514	68650	71042	71569	72338	74618	74109	75369	79247	79678	75456	75759	75100	73928	73486	71672	70792	68834	67608
39	64388	63770	60105	61294	65709	68266	69727	70328	69540	68678	71068	71596	72367	74646	74136	75396	79273	79706	75489	75790	75131	73962	73521	71708	70829	68873
40	65328	64401	63741	60083	61274	65715	68275	69739	70342	69555	68694	71081	71611	72383	74659	74153	75411	79285	79724	75509	75810	75153	73984	73545	71734	70854
41	69348	65351	64389	63731	60080	61292	65733	68298	69763	70367	69583	68723	71110	71639	72413	74686	74184	75440	79314	79756	75549	75847	75190	74024	73583	71776
42	73800	69344	65323	64361	63706	60080	61291	65732	68299	69764	70371	69589	68731	71115	71646	72422	74694	74194	75451	79324	79770	75568	75862	75205	74042	73600
43	76644	73768	69293	65277	64317	63681	60062	61271	65708	68280	69743	70354	69574	68718	71100	71631	72410	74680	74184	75440	79313	79765	75564	75856	75202	74041
44	75798	76604	73714	69247	65235	64290	63660	60046	61253	65689	68262	69726	70339	69562	68708	71087	71622	72400	74672	74181	75435	79306	79763	75566	75856	75204
45	78704	75735	76523	73642	69184	65189	64248	63620	60012	61218	65650	68225	69690	70306	69531	68680	71058	71594	72374	74645	74157	75414	79283	79743	75550	75838
46	80275	78621	75644	76435	73562	69122	65136	64199	63571	59971	61174	65603	68181	69645	70263	69493	68643	71020	71560	72339	74611	74127	75383	79251	79715	75525
47	80894	80167	78511	75543	76333	73479	69049	65071	64136	63509	59916	61118	65543	68122	69588	70209	69443	68595	70970	71512	72293	74564	74084	75338	79205	79673
48	80402	80763	80035	78388	75426	76229	73383	68964	64993	64059	63436	59850	61049	65471	68054	69519	70143	69380	68535	70907	71451	72233	74505	74027	75282	79146
49	83320	80269	80626	79904	78266	75324	76132	73294	68884	64921	63990	63370	59789	60987	65404	67990	69454	70083	69322	68481	70851	71396	72179	74451	73976	75231
50	82301	83174	80135	80495	79780	78160	75229	76038	73211	68808	64855	63925	63307	59735	60930	65342	67931	69398	70029	69271	68434	70802	71351	72133	74405	73934
51	82094	82150	83028	80003	80367	79670	78058	75138	75946	73130	68736	64792	63862	63247	59683	60874	65282	67876	69346	69979	69226	68391	70756	71309	72091	74363
52	80198	81916	81983	82868	79860	80235	79547	77944	75033	75843	73038	68654	64717	63789	63178	59623	60812	65216	67810	69284	69920	69170	68339	70699	71257	72040
53	78284	79976	81702	81781	82671	79687	80064	79386	77793	74893	75705	72912	68539	64610	63685	63080	59533	60721	65119	67715	69191	69830	69085	68254	70611	71172
54	75709	78018	79724	81454	81542	82443	79478	79861	79190	77609	74721	75534	72752	68394	64476	63554	62954	59418	60604	64995	67591	69070	69711	68971	68143	70496
55	75231	75415	77734	79446	81181	81285	82190	79247	79633	78971	77401	74525	75340	72571	68230	64324	63407	62811	59289	60470	64854	67449	68927	69572	68835	68014
56	73040	74910	75118	77436	79153	80899	81012	81923	79000	79389	78737	77179	74316	75131	72378	68055	64161	63248	62655	59147	60328	64701	67295	68773	69420	68689
57	71239	72701	74588	74807	77125	78854	80602	80726	81641	78739	79131	78489	76944	74094	74909	72172	67867	63986	63077	62491	58996	60175	64539	67131	68609	69259
58	68986	70858	72344	74233	74460	76787	78519	80271	80403	81322	78442	78838	78207	76676	73841	74658	71936	67650	63786	62882	62302	58821	59997	64351	66941	68419
59	66112	68560	70457	71945	73837	74077	76406	78140	79895	80036	80958	78102	78502	77884	76364	73550	74366	71662	67398	63551	62653	62078	58614	59788	64130	66717
60	65213	65674	68140	70039	71532	73430	73682	76009	77746	79500	79655	80579	77748	78151	77543	76038	73246	74062	71374	67134	63305	62412	61842	58397	59567	63896
61	64041	64738	65239	67699	69599	71103	73003	73266	75588	77325	79083	79248	80175	77370	77777	77180	75690	72919	73736	71066	66849	63040	62155	61589	58162	59329
62	61738	63517	64251	64765	67218	69124	70631	72533	72806	75122	76861	78618	78795	79725	76947	77358	76774	75300	72548	73366	70717	66528	62741	61860	61301	57894
63	62323	61173	62982	63729	64254	66703	68610	70122	72022	72305	74616	76355	78111	78301	79235	76483	76899	76327	74871	72140	72959	70331	66172	62409	61536	60982
64	62486	61689	60601	62411	63167	63706	66148	68055	69570	71468	71760	74066	75803	77559	77759	78696	75976	76393	75835	74397	71688	72510	69907	65778	62041	61175
65	64029	61779	61050	59991	61798	62568	63116	65552	67456	68973	70867	71169	73466	75204	76958	77171	78109	75420	75841	75297	73877	71195	72016	69440	65342	61636
66	65871	63215	61053	60354	59325	61129	61908	62470	64895	66796	68313	70204	70515	72805	74538	76291	76515	77454	74800	75224	74695	73294	70640	71462	68912	64854
67	71190	64926	62381	60267	59598	58601	60401	61188	61761	64173	66070	67587	69471	69792	72072	73800	75551	75784	76725	74107	74537	74023	72643	70020	70841	68320
68	53809	70052	63977	61492	59430	58793	57828	59620	60415	61002	63398	65289	66800	68673	69003	71273	72994	74741	74983	75927	73347	73783	73285	71928	69339	70160
69	50624	52849	68911	62964	60541	58534	57928	56996	58781	59584	60182	62561	64438	65938	67803	68142	70398	72111	73853	74106	75050	72512	72954	72474	71140	68590
70	51457	49621	51888	67692	61878	59521	57572	56999	56103	57879	58688	59296	61650	63507	65002	66857	67206	69449	71152	72886	73150	74095	71603	72049	71587	70279
71	49324	50326	48620	50863	66392	60719	58430	56541	56003	55144	56909	57725	58337	60667	62511	63999	65843	66201	68428	70121	71846	72121	73066	70621	71072	70630
72	45065	48123	49194	47552	49770	65004	59478	57264	55437	54932	54110	55865	56686	57306	59613	61444	62925	64756	65122	67330	69011	70724	71012	71955	69559	70016
73	41614	43865	46943	48012	46436	48624	63545	58177	56038	54271	53802	53018	54759	55585	56215	58497	60310	61783	63600	63975	66162	67828	69530	69829	70769	68431
74	42171	40412	42697	45721	46785	45277	47434	62027	56820	54755	53055	52621	51877	53603	54432	55068	57324	59119	60581	62383	62767	64932	66581	68272	68582	69518
75	40960	40823	39225	41466	44429	45487	44050	46171	60414	55371	53386	51753	51356	50652	52360	53192	53835	56063	57837	59288	61071	61464	63602	65235	66909	67231
76	39528	39522	39505	37985	40180	43076	44126	42762	44845	58714	53844	51943	50378	50019	49356	51045	51877	52526	54722	56472	57911	59671	60072	62180	63795	65452
77	37184	38004	38124	38137	36696	38841	41669	42710	41419	43462	56938	52248	50430	48937	48615	47994	49661	50491	51146	53304	55031	56457	58193	58600	60675	62271
78	35471	35600	36514	36661	36705	35344	37435	40189	41215	39999	42000	55057	50555	48824	47406	47122	46544	48184	49012	49670	51788	53487	54896	56604	57018	59057
79	33262	33782	34046	34948	35122	35196	33919	35952	38622	39635	38496	40447	53062	48752	47113	45770	45527	44990	46602	47425	48086	50160	51827	53216	54893	55313
80	30577	31491	32134	32423	33313	33512	33616	32423	34392	36974	37970	36909	38806	50950	46843	45297	44034	43829	43336	44915	45734	46394	48418	50051	51414	53058
81	28216	28767	29782	30433	30745	31618	31840	31971	30864	32764	35255	36230	35248	37087	48733	44839	43389	42209	42041	41593	43134	43944	44603	46574	48167	49505
82	27169	26350	27022	28017	28670	29005	29859	30101	30257	29239	31065	33457	34409	33507	35282	46404	42730	41380	40282	40152	39750	41249	42048	42704	44616	46166
83	24595	25162	24563	25230	26200	26852	27205	28039	28298	28479	27548	29294	31581	32505	31687	33393	43961	40517	39268	38254	38160	37803	39257	40042	40692	42539
84	21898	22561	23253	22737	23396	24337	24985	25352	26161	26437	26639	25796	27460	29633	30528	29790	31423	41408	38200	37054	36126	36068	35757	37158	37928	38571
85	19411	19880	20647	21322	20887	21535	22444	23084	23462	24243	24531	24752	23998	25574	27628	28491	27832	29387	38762	35797	34754	33913	33889	33624	34969	35719
86	16640	17417	18001	18732	19387	19031	19663	20534	21163	21548	22297	22595	22832	22165	23647	25576	26404	25824	27295	36040	33321	32382	31629	31634	31414	32696
87	14852	14735	15577	16135	16827	17456	17173	17788	18616	19227	19615	20329	20634	20881	20301	21684	23484	24271	23769	25151	33247	30775	29938	29272	29305	29129
88	13103	12964	13005	13775	14303	14951	15552	15338	15928	16710	17298	17684	18361	18668	18922	18424	19707	21372	22115	21687	22975	30409	28183	27448	26866	26925
89	10827	11266	11280	11340	12038	12534	13137	13705	13555	14116	14848	15408	15786	16422	16728	16984	16565	17745	19269	19967	19609	20801	27568	25585	24949	24446
90+	39542	39917	41303	42488	43557	45095	46876	48980	51346	53320	55582	58257	61142	64054	67207	70273	73213	75429	78430	82433	86584	89913	93897	103469	110149	115413
																										
2014-based projected population by sex and single year of age 150 per cent future EU migration variant Scotland 2014-2039 (continued)													2014-based projected population by sex and single year of age 150 per cent future EU migration variant Scotland 2014-2039 (continued)													
	2014	2015	2016	2017	2018	2019	2020	2021	2022	2023	2024	2025	2026	2027	2028	2029	2030	2031	2032	2033	2034	2035	2036	2037	2038	2039
																										
MALES													MALES													
All ages	2596384	2606380	2615525	2624553	2633805	2643332	2653068	2662988	2672895	2682750	2692547	2702201	2711656	2720842	2729716	2738210	2746294	2753934	2761128	2767866	2774176	2780046	2785524	2790640	2795433	2799938
0	28913	28602	28474	28315	28496	28792	29065	29306	29511	29676	29807	29917	29978	29993	29981	29938	29872	29808	29751	29712	29672	29630	29611	29629	29673	29733
1	29337	29099	28754	28626	28469	28683	28981	29256	29498	29703	29869	30001	30111	30173	30187	30175	30132	30067	30002	29946	29907	29867	29824	29804	29823	29867
2	30424	29483	29208	28863	28737	28608	28824	29126	29402	29644	29850	30016	30148	30258	30320	30332	30320	30277	30213	30148	30092	30054	30013	29970	29950	29969
3	31184	30531	29556	29282	28938	28836	28709	28927	29231	29506	29749	29955	30121	30253	30363	30426	30438	30425	30382	30318	30253	30196	30158	30116	30074	30053
4	29656	31269	30586	29614	29340	29019	28916	28793	29011	29314	29589	29834	30039	30207	30339	30449	30511	30523	30511	30467	30403	30338	30281	30243	30201	30159
5	30352	29735	31321	30640	29670	29416	29095	28993	28871	29088	29391	29666	29911	30117	30285	30417	30527	30589	30601	30589	30545	30481	30416	30359	30320	30278
6	30378	30425	29784	31371	30692	29740	29486	29165	29063	28940	29158	29460	29736	29981	30187	30356	30488	30597	30659	30672	30660	30616	30553	30486	30429	30390
7	29262	30442	30471	29831	31417	30756	29802	29550	29228	29126	29003	29221	29523	29799	30044	30251	30420	30552	30661	30723	30736	30724	30680	30617	30550	30492
8	28610	29314	30478	30509	29868	31468	30808	29855	29601	29280	29176	29054	29273	29573	29851	30096	30303	30471	30605	30714	30776	30789	30777	30732	30669	30602
9	28635	28657	29345	30511	30543	29914	31514	30856	29902	29648	29326	29222	29100	29319	29619	29898	30144	30350	30518	30652	30761	30823	30837	30825	30780	30716
10	28184	28687	28694	29383	30551	30596	29966	31567	30909	29954	29701	29378	29275	29153	29372	29672	29951	30197	30403	30571	30707	30815	30877	30890	30880	30834
11	27029	28239	28726	28734	29425	30605	30653	30023	31625	30966	30011	29757	29434	29332	29208	29429	29729	30008	30253	30459	30627	30763	30871	30933	30947	30938
12	26889	27070	28264	28753	28762	29464	30645	30696	30065	31668	31010	30053	29798	29476	29374	29250	29471	29771	30050	30295	30501	30669	30806	30913	30975	30989
13	27929	26934	27099	28293	28783	28804	29506	30689	30739	30108	31713	31056	30097	29842	29521	29418	29294	29517	29815	30095	30340	30546	30714	30851	30959	31020
14	29027	27987	26975	27142	28336	28840	28862	29564	30748	30798	30167	31772	31115	30156	29902	29580	29477	29353	29576	29875	30156	30401	30607	30774	30912	31020
15	30060	29083	28025	27015	27182	28391	28896	28919	29620	30804	30854	30223	31829	31172	30215	29960	29638	29534	29410	29634	29933	30214	30459	30665	30832	30970
16	30657	30124	29128	28072	27063	27246	28456	28961	28984	29686	30869	30920	30290	31894	31239	30282	30026	29704	29600	29476	29700	29999	30280	30527	30732	30899
17	31830	30769	30212	29217	28162	27173	27357	28567	29073	29096	29799	30982	31036	30406	32010	31356	30398	30141	29820	29715	29591	29816	30115	30396	30643	30849
18	32612	32192	31085	30522	29528	28513	27521	27703	28913	29425	29451	30154	31342	31401	30772	32376	31727	30765	30505	30182	30075	29952	30176	30476	30759	31007
19	33734	33377	32874	31761	31193	30275	29252	28251	28427	29642	30165	30197	30903	32101	32169	31538	33144	32503	31533	31265	30940	30830	30706	30930	31231	31516
20	35028	34624	34158	33652	32538	32068	31147	30115	29103	29275	30499	31030	31066	31778	32988	33062	32427	34040	33400	32421	32147	31820	31708	31583	31807	32110
21	35258	35773	35249	34786	34283	33278	32809	31887	30847	29831	30002	31231	31766	31804	32520	33736	33814	33177	34794	34156	33172	32895	32567	32453	32328	32552
22	37784	35923	36300	35782	35325	34948	33947	33481	32558	31515	30497	30667	31899	32437	32475	33192	34412	34492	33855	35474	34837	33851	33573	33243	33129	33004
23	38453	38321	36306	36692	36180	35865	35496	34501	34038	33115	32075	31058	31231	32463	33000	33036	33755	34975	35054	34416	36038	35398	34411	34137	33806	33692
24	36695	38728	38440	36438	36837	36452	36147	35788	34798	34340	33420	32386	31376	31551	32779	33313	33348	34065	35280	35356	34719	36339	35696	34714	34443	34115
25	36179	36849	38737	38455	36469	36976	36601	36304	35949	34964	34510	33594	32567	31561	31738	32961	33492	33526	34240	35451	35526	34891	36505	35863	34885	34617
26	36253	36333	36878	38765	38490	36605	37123	36755	36461	36108	35126	34675	33762	32739	31737	31916	33136	33665	33697	34411	35619	35692	35059	36670	36028	35051
27	34898	36406	36372	36919	38812	38623	36749	37274	36908	36616	36263	35285	34837	33927	32906	31908	32085	33306	33832	33864	34576	35782	35856	35224	36832	36189
28	34875	35035	36441	36410	36965	38931	38746	36882	37409	37043	36753	36400	35424	34980	34071	33052	32057	32236	33454	33979	34011	34723	35928	36000	35370	36975
29	34277	34973	35045	36453	36428	37049	39016	38837	36977	37504	37140	36851	36498	35525	35082	34176	33159	32166	32345	33562	34087	34118	34830	36034	36106	35475
30	33152	34377	34992	35066	36479	36514	37139	39109	38929	37074	37601	37239	36950	36598	35628	35185	34282	33267	32274	32454	33671	34194	34227	34938	36140	36212
31	33589	33248	34400	35018	35098	36563	36602	37231	39198	39018	37167	37693	37332	37044	36694	35725	35284	34381	33368	32377	32558	33772	34295	34330	35040	36241
32	33800	33650	33249	34402	35023	35149	36614	36657	37286	39250	39072	37222	37749	37389	37102	36753	35786	35346	34444	33434	32444	32625	33839	34361	34395	35107
33	33945	33871	33667	33270	34425	35086	35216	36681	36726	37354	39316	39140	37294	37818	37461	37175	36826	35860	35421	34521	33512	32522	32703	33916	34438	34474
34	33300	34016	33894	33693	33299	34489	35152	35287	36750	36796	37425	39384	39209	37366	37888	37532	37247	36899	35933	35495	34596	33587	32599	32780	33993	34515
35	32397	33347	34022	33904	33706	33341	34532	35199	35334	36796	36844	37471	39428	39257	37415	37935	37579	37295	36947	35984	35545	34648	33640	32652	32834	34046
36	29842	32443	33358	34034	33919	33748	33387	34579	35247	35382	36842	36891	37519	39476	39305	37466	37985	37630	37346	36998	36036	35597	34702	33693	32707	32889
37	29753	29884	32451	33367	34047	33956	33788	33430	34619	35289	35423	36881	36934	37561	39517	39350	37512	38029	37676	37391	37043	36083	35644	34750	33740	32755
38	31344	29774	29878	32443	33362	34063	33973	33809	33450	34638	35309	35442	36901	36957	37583	39538	39372	37536	38051	37700	37415	37068	36109	35670	34777	33768
39	31368	31331	29742	29846	32410	33347	34047	33962	33798	33441	34627	35297	35432	36891	36946	37572	39526	39362	37528	38042	37693	37408	37062	36105	35666	34775
40	32149	31352	31292	29708	29814	32390	33328	34030	33947	33783	33427	34610	35282	35418	36874	36932	37557	39508	39348	37516	38030	37682	37398	37053	36098	35658
41	33967	32140	31325	31266	29686	29804	32378	33319	34022	33940	33777	33422	34604	35275	35413	36867	36927	37551	39502	39344	37517	38029	37682	37400	37054	36101
42	35725	33938	32100	31284	31227	29660	29779	32351	33293	33995	33916	33753	33400	34579	35251	35391	36844	36905	37530	39480	39325	37500	38010	37664	37383	37037
43	36863	35681	33885	32051	31237	31187	29625	29744	32312	33257	33958	33881	33719	33367	34545	35216	35358	36810	36874	37498	39447	39297	37472	37981	37637	37357
44	36585	36820	35632	33841	32010	31202	31155	29597	29715	32281	33227	33928	33854	33692	33341	34518	35190	35334	36785	36852	37476	39424	39277	37454	37963	37619
45	37998	36525	36753	35570	33784	31961	31155	31110	29556	29674	32235	33183	33884	33812	33651	33303	34479	35151	35297	36746	36815	37441	39388	39243	37423	37930
46	38731	37922	36446	36677	35498	33721	31904	31102	31056	29506	29623	32181	33131	33832	33761	33602	33255	34430	35105	35250	36699	36770	37397	39342	39200	37381
47	39506	38646	37838	36368	36599	35429	33657	31846	31045	30999	29454	29571	32126	33076	33779	33710	33552	33207	34380	35056	35202	36651	36724	37350	39295	39155
48	38983	39407	38550	37748	36281	36518	35352	33587	31780	30980	30936	29396	29512	32063	33016	33719	33652	33495	33152	34324	35000	35147	36597	36671	37296	39239
49	40584	38888	39312	38460	37662	36205	36445	35284	33524	31722	30925	30881	29344	29460	32008	32964	33666	33602	33446	33105	34276	34952	35101	36550	36626	37250
50	39732	40489	38803	39228	38381	37592	36142	36384	35228	33472	31676	30879	30837	29305	29420	31964	32923	33627	33564	33409	33070	34240	34918	35067	36516	36593
51	39875	39638	40398	38722	39147	38312	37527	36083	36326	35175	33425	31633	30837	30796	29268	29382	31924	32885	33591	33530	33377	33039	34207	34889	35037	36486
52	39351	39759	39530	40295	38628	39058	38230	37450	36012	36257	35111	33367	31579	30784	30745	29223	29337	31876	32837	33546	33486	33334	32999	34164	34848	34998
53	38243	39210	39627	39405	40173	38519	38951	38130	37355	35924	36172	35032	33293	31509	30717	30681	29164	29277	31813	32776	33485	33428	33278	32943	34107	34791
54	37187	38086	39063	39485	39269	40041	38400	38835	38019	37251	35827	36076	34943	33211	31433	30643	30610	29098	29211	31742	32707	33417	33362	33214	32881	34043
55	36592	37007	37916	38897	39323	39117	39891	38264	38700	37891	37129	35713	35964	34837	33114	31343	30557	30525	29020	29132	31658	32624	33333	33282	33135	32805
56	35552	36396	36827	37737	38721	39154	38956	39732	38117	38555	37754	36999	35591	35843	34724	33010	31246	30464	30432	28934	29047	31566	32534	33243	33194	33049
57	34895	35352	36208	36646	37558	38547	38984	38794	39572	37971	38409	37616	36869	35469	35721	34611	32905	31149	30370	30340	28849	28963	31475	32444	33153	33107
58	33754	34674	35149	36008	36450	37368	38360	38802	38618	39398	37811	38250	37466	36727	35335	35589	34486	32789	31043	30268	30240	28756	28869	31374	32345	33054
59	32194	33503	34440	34919	35781	36229	37150	38144	38590	38413	39194	37622	38063	37289	36556	35175	35430	34336	32651	30913	30143	30116	28641	28755	31252	32222
60	31896	31928	33250	34189	34674	35538	35992	36914	37909	38358	38191	38972	37415	37857	37093	36368	35000	35255	34170	32497	30769	30003	29977	28512	28626	31114
61	31236	31605	31665	32984	33924	34416	35282	35741	36663	37658	38112	37953	38734	37194	37637	36883	36166	34810	35067	33990	32330	30613	29853	29828	28372	28486
62	30105	30919	31313	31383	32698	33641	34137	35005	35469	36390	37386	37843	37692	38474	36950	37395	36651	35943	34599	34857	33791	32145	30440	29684	29662	28216
63	30290	29766	30602	31005	31084	32396	33341	33842	34710	35178	36099	37094	37555	37413	38196	36688	37135	36401	35703	34371	34630	33575	31943	30252	29502	29481
64	30600	29920	29435	30273	30683	30772	32080	33027	33532	34400	34872	35793	36787	37252	37118	37900	36413	36859	36135	35447	34128	34389	33347	31729	30052	29307
65	31190	30192	29558	29091	29929	30349	30446	31750	32696	33205	34074	34549	35468	36462	36931	36806	37587	36119	36565	35852	35175	33870	34132	33103	31500	29838
66	31986	30717	29773	29161	28713	29551	29977	30084	31382	32327	32839	33708	34186	35105	36095	36567	36452	37231	35784	36230	35529	34863	33573	33837	32820	31236
67	34396	31435	30234	29317	28728	28299	29137	29569	29685	30975	31918	32434	33300	33782	34699	35685	36161	36053	36831	35405	35853	35164	34510	33237	33501	32499
68	26017	33733	30883	29718	28832	28265	27855	28691	29128	29255	30536	31476	31992	32853	33337	34252	35233	35711	35611	36387	34985	35434	34758	34117	32862	33128
69	24005	25456	33073	30299	29171	28316	27772	27381	28215	28657	28794	30064	30997	31511	32368	32853	33764	34739	35220	35128	35901	34524	34974	34313	33684	32451
70	24560	23431	24902	32376	29679	28589	27768	27248	26879	27709	28155	28301	29557	30478	30993	31846	32333	33240	34208	34690	34607	35377	34027	34477	33832	33217
71	22961	23912	22865	24317	31638	29023	27973	27186	26692	26344	27170	27620	27772	29013	29927	30442	31291	31779	32680	33641	34123	34050	34816	33494	33943	33315
72	20722	22287	23270	22266	23698	30857	28326	27319	26566	26097	25770	26593	27045	27205	28433	29340	29855	30698	31186	32080	33032	33514	33451	34211	32919	33368
73	18871	20053	21629	22602	21642	23051	30040	27596	26632	25912	25470	25164	25981	26435	26604	27816	28715	29230	30067	30554	31440	32382	32864	32810	33563	32305
74	19059	18214	19413	20958	21918	21004	22388	29200	26845	25922	25238	24822	24538	25348	25804	25980	27176	28065	28578	29409	29895	30772	31703	32185	32141	32886
75	18503	18325	17572	18745	20255	21201	20334	21691	28315	26048	25170	24521	24132	23870	24672	25129	25313	26491	27369	27880	28702	29187	30053	30972	31451	31417
76	17736	17724	17618	16910	18055	19526	20457	19637	20965	27390	25216	24385	23770	23409	23168	23962	24418	24609	25767	26632	27142	27952	28435	29288	30194	30671
77	16146	16924	16982	16897	16234	17349	18781	19696	18923	20221	26439	24360	23573	22995	22661	22442	23225	23679	23877	25012	25865	26373	27171	27650	28489	29382
78	15326	15329	16142	16216	16152	15534	16617	18007	18902	18177	19442	25442	23461	22719	22179	21873	21676	22446	22897	23101	24212	25049	25553	26337	26812	27636
79	14229	14465	14541	15333	15422	15379	14806	15856	17199	18072	17397	18624	24395	22513	21820	21316	21039	20862	21618	22065	22274	23358	24179	24678	25445	25916
80	12878	13341	13641	13733	14502	14604	14583	14055	15067	16361	17210	16583	17771	23301	21522	20876	20411	20161	20005	20744	21187	21400	22455	23257	23747	24497
81	11713	11990	12503	12807	12914	13656	13770	13768	13285	14257	15501	16322	15744	16890	22168	20494	19897	19471	19248	19112	19832	20269	20486	21510	22290	22772
82	10938	10813	11149	11650	11955	12077	12790	12914	12930	12493	13423	14611	15404	14875	15975	20990	19424	18877	18488	18292	18177	18876	19305	19525	20514	21271
83	9747	10000	9967	10299	10785	11089	11222	11905	12038	12070	11677	12563	13693	14454	13975	15026	19766	18311	17813	17461	17291	17197	17873	18292	18513	19465
84	8348	8814	9127	9119	9445	9914	10215	10358	11008	11148	11195	10846	11685	12753	13480	13049	14048	18502	17159	16710	16396	16252	16177	16827	17236	17457
85	7278	7461	7958	8263	8277	8596	9046	9342	9492	10107	10252	10313	10006	10795	11800	12491	12107	13051	17207	15980	15578	15301	15182	15126	15748	16143
86	6022	6417	6653	7117	7411	7446	7755	8182	8472	8627	9204	9353	9426	9160	9896	10835	11487	11149	12035	15887	14775	14420	14180	14083	14045	14635
87	5219	5232	5645	5871	6300	6581	6633	6931	7333	7613	7771	8309	8460	8541	8315	8997	9868	10477	10185	11010	14552	13553	13244	13038	12963	12942
88	4448	4467	4540	4913	5126	5520	5786	5852	6135	6511	6779	6937	7435	7585	7673	7484	8112	8912	9477	9228	9989	13221	12332	12067	11894	11839
89	3623	3748	3821	3896	4229	4429	4786	5035	5112	5378	5726	5979	6134	6591	6739	6830	6675	7249	7976	8497	8287	8985	11910	11127	10903	10759
90+	10978	11404	12069	12681	13253	14023	14853	15877	16980	18007	19135	20427	21778	23096	24649	26133	27507	28560	29981	31860	33961	35604	37651	42041	45186	47709
																										
2014-based projected population by sex and single year of age 150 per cent future EU migration variant Scotland 2014-2039 (continued)													2014-based projected population by sex and single year of age 150 per cent future EU migration variant Scotland 2014-2039 (continued)													
	2014	2015	2016	2017	2018	2019	2020	2021	2022	2023	2024	2025	2026	2027	2028	2029	2030	2031	2032	2033	2034	2035	2036	2037	2038	2039
FEMALES																										
All ages	2751216	2758352	2764753	2771079	2777719	2784650	2791851	2799267	2806756	2814301	2821855	2829380	2836786	2844012	2850990	2857616	2863857	2869696	2875082	2880017	2884532	2888611	2892291	2895646	2898709	2901538
0	27384	27249	27124	26974	27145	27426	27685	27915	28110	28267	28392	28498	28554	28569	28557	28515	28451	28391	28336	28298	28261	28222	28203	28221	28262	28319
1	28115	27559	27391	27268	27119	27319	27603	27862	28094	28289	28446	28572	28679	28735	28750	28738	28695	28631	28571	28516	28480	28442	28403	28384	28403	28444
2	28804	28261	27671	27505	27383	27262	27464	27748	28007	28241	28436	28593	28719	28825	28883	28898	28885	28842	28779	28718	28663	28626	28589	28551	28531	28550
3	29823	28932	28357	27769	27603	27506	27387	27590	27874	28133	28367	28563	28721	28846	28952	29010	29025	29011	28969	28906	28845	28790	28753	28716	28678	28658
4	28590	29934	29014	28440	27853	27707	27613	27496	27698	27982	28242	28476	28673	28830	28956	29061	29119	29134	29120	29078	29015	28954	28899	28861	28825	28787
5	29424	28686	30006	29088	28514	27945	27799	27707	27590	27792	28077	28337	28571	28768	28925	29052	29157	29215	29230	29215	29174	29110	29048	28994	28957	28921
6	29276	29507	28746	30066	29151	28590	28023	27877	27786	27670	27870	28156	28417	28650	28848	29006	29132	29238	29295	29309	29296	29254	29190	29128	29075	29038
7	27994	29341	29555	28794	30115	29213	28654	28087	27941	27850	27734	27935	28221	28481	28715	28913	29071	29197	29303	29360	29374	29361	29319	29255	29193	29140
8	27547	28051	29382	29599	28838	30172	29270	28712	28144	27998	27907	27792	27993	28279	28538	28772	28970	29129	29255	29361	29418	29432	29418	29378	29312	29250
9	27107	27599	28087	29420	29640	28890	30224	29322	28764	28196	28050	27959	27844	28045	28331	28590	28824	29022	29181	29307	29415	29470	29485	29471	29431	29365
10	26496	27154	27633	28121	29456	29686	28937	30270	29369	28812	28243	28097	28007	27891	28091	28378	28638	28872	29070	29229	29355	29462	29518	29533	29519	29479
11	26013	26539	27183	27664	28153	29498	29729	28981	30315	29413	28857	28288	28141	28051	27935	28135	28423	28683	28917	29115	29275	29400	29507	29563	29578	29563
12	25884	26050	26563	27208	27691	28190	29536	29767	29018	30353	29451	28895	28326	28179	28090	27974	28174	28462	28722	28956	29154	29315	29439	29546	29602	29618
13	27062	25917	26069	26582	27229	27722	28221	29568	29797	29048	30385	29482	28928	28357	28210	28121	28005	28205	28493	28754	28988	29186	29347	29471	29579	29634
14	27349	27099	25940	26092	26607	27264	27760	28259	29605	29834	29087	30422	29521	28967	28396	28249	28159	28042	28243	28531	28792	29026	29223	29386	29510	29618
15	28545	27398	27134	25975	26128	26655	27313	27810	28310	29656	29886	29139	30474	29573	29019	28447	28299	28209	28092	28292	28581	28842	29076	29273	29437	29561
16	29163	28605	27441	27177	26020	26186	26713	27372	27869	28369	29716	29947	29200	30534	29634	29079	28508	28360	28270	28153	28353	28641	28902	29136	29334	29498
17	30251	29286	28703	27539	27276	26137	26301	26830	27489	27988	28490	29838	30070	29324	30658	29759	29205	28632	28482	28392	28275	28475	28763	29024	29259	29457
18	30968	30767	29748	29156	27989	27768	26625	26782	27313	27979	28484	28992	30344	30588	29843	31172	30285	29723	29145	28988	28897	28779	28978	29269	29532	29770
19	33033	32066	31757	30730	30126	29043	28811	27657	27804	28340	29017	29534	30052	31422	31683	30936	32267	31387	30811	30221	30056	29963	29843	30042	30337	30604
20	34563	34230	33117	32806	31774	31292	30197	29957	28791	28932	29475	30162	30688	31215	32606	32876	32122	33462	32579	31992	31391	31223	31127	31004	31206	31502
21	35723	35502	35011	33897	33592	32703	32220	31123	30878	29707	29847	30392	31083	31613	32146	33544	33818	33061	34407	33522	32928	32324	32154	32056	31934	32136
22	38871	36499	36102	35616	34509	34372	33486	33008	31910	31665	30493	30634	31179	31872	32403	32936	34336	34609	33851	35200	34313	33719	33114	32945	32846	32723
23	38606	39302	36738	36362	35888	34956	34834	33956	33487	32393	32156	30987	31136	31679	32369	32895	33423	34819	35082	34323	35676	34782	34192	33593	33429	33331
24	36646	38657	39162	36618	36270	35945	35030	34925	34055	33596	32514	32286	31127	31283	31820	32503	33019	33542	34926	35177	34421	35771	34873	34293	33702	33544
25	35995	36686	38533	39035	36515	36294	35979	35080	34979	34116	33663	32592	32369	31220	31377	31910	32587	33097	33615	34988	35234	34482	35825	34929	34354	33770
26	36648	36115	36680	38524	39028	36612	36404	36094	35199	35102	34243	33794	32728	32509	31363	31522	32054	32727	33234	33748	35117	35361	34610	35950	35053	34484
27	35933	36794	36153	36721	38568	39151	36747	36545	36236	35345	35250	34393	33947	32884	32665	31525	31684	32214	32886	33390	33903	35268	35510	34761	36098	35202
28	35421	36091	36858	36221	36792	38711	39296	36900	36698	36391	35502	35408	34553	34108	33047	32829	31692	31852	32382	33052	33555	34066	35428	35670	34923	36257
29	35683	35563	36152	36921	36288	36922	38843	39429	37036	36833	36528	35640	35548	34694	34250	33189	32972	31838	31998	32527	33198	33699	34209	35570	35812	35065
30	34586	35816	35626	36218	36989	36411	37047	38969	39557	37164	36963	36657	35769	35679	34826	34381	33321	33105	31972	32132	32662	33332	33832	34342	35701	35943
31	35202	34717	35888	35699	36296	37111	36537	37176	39097	39686	37294	37091	36787	35898	35808	34954	34510	33451	33233	32101	32261	32792	33461	33961	34472	35830
32	35934	35321	34786	35958	35773	36408	37224	36654	37292	39214	39803	37411	37208	36904	36014	35925	35069	34627	33567	33350	32216	32376	32908	33577	34077	34590
33	35334	36032	35376	34842	36017	35865	36500	37320	36750	37388	39310	39899	37508	37304	37000	36110	36020	35164	34722	33662	33445	32311	32471	33002	33672	34173
34	34655	35424	36084	35430	34901	36102	35952	36589	37410	36839	37477	39400	39990	37600	37394	37089	36200	36108	35253	34811	33750	33533	32400	32559	33090	33761
35	33126	34755	35490	36154	35503	34998	36199	36053	36690	37512	36941	37579	39502	40095	37706	37496	37192	36303	36210	35355	34912	33850	33632	32500	32657	33188
36	31341	33214	34814	35553	36219	35589	35086	36289	36144	36780	37603	37033	37670	39593	40188	37800	37588	37283	36394	36301	35445	35002	33939	33721	32589	32744
37	30293	31405	33252	34854	35596	36280	35653	35150	36354	36209	36846	37667	37100	37735	39659	40255	37868	37655	37349	36461	36366	35510	35069	34005	33787	32655
38	32403	30344	31431	33280	34884	35644	36328	35705	35200	36404	36260	36896	37717	37152	37786	39709	40306	37920	37708	37400	36513	36418	35563	35122	34057	33840
39	33020	32439	30363	31448	33299	34919	35680	36366	35742	35237	36441	36299	36935	37755	37190	37824	39747	40344	37961	37748	37438	36554	36459	35603	35163	34098
40	33179	33049	32449	30375	31460	33325	34947	35709	36395	35772	35267	36471	36329	36965	37785	37221	37854	39777	40376	37993	37780	37471	36586	36492	35636	35196
41	35381	33211	33064	32465	30394	31488	33355	34979	35741	36427	35806	35301	36506	36364	37000	37819	37257	37889	39812	40412	38032	37818	37508	36624	36529	35675
42	38075	35406	33223	33077	32479	30420	31512	33381	35006	35769	36455	35836	35331	36536	36395	37031	37850	37289	37921	39844	40445	38068	37852	37541	36659	36563
43	39781	38087	35408	33226	33080	32494	30437	31527	33396	35023	35785	36473	35855	35351	36555	36415	37052	37870	37310	37942	39866	40468	38092	37875	37565	36684
44	39213	39784	38082	35406	33225	33088	32505	30449	31538	33408	35035	35798	36485	35870	35367	36569	36432	37066	37887	37329	37959	39882	40486	38112	37893	37585
45	40706	39210	39770	38072	35400	33228	33093	32510	30456	31544	33415	35042	35806	36494	35880	35377	36579	36443	37077	37899	37342	37973	39895	40500	38127	37908
46	41544	40699	39198	39758	38064	35401	33232	33097	32515	30465	31551	33422	35050	35813	36502	35891	35388	36590	36455	37089	37912	37357	37986	39909	40515	38144
47	41388	41521	40673	39175	39734	38050	35392	33225	33091	32510	30462	31547	33417	35046	35809	36499	35891	35388	36590	36456	37091	37913	37360	37988	39910	40518
48	41419	41356	41485	40640	39145	39711	38031	35377	33213	33079	32500	30454	31537	33408	35038	35800	36491	35885	35383	36583	36451	37086	37908	37356	37986	39907
49	42736	41381	41314	41444	40604	39119	39687	38010	35360	33199	33065	32489	30445	31527	33396	35026	35788	36481	35876	35376	36575	36444	37078	37901	37350	37981
50	42569	42685	41332	41267	41399	40568	39087	39654	37983	35336	33179	33046	32470	30430	31510	33378	35008	35771	36465	35862	35364	36562	36433	37066	37889	37341
51	42219	42512	42630	41281	41220	41358	40531	39055	39620	37955	35311	33159	33025	32451	30415	31492	33358	34991	35755	36449	35849	35352	36549	36420	37054	37877
52	40847	42157	42453	42573	41232	41177	41317	40494	39021	39586	37927	35287	33138	33005	32433	30400	31475	33340	34973	35738	36434	35836	35340	36535	36409	37042
53	40041	40766	42075	42376	42498	41168	41113	41256	40438	38969	39533	37880	35246	33101	32968	32399	30369	31444	33306	34939	35706	36402	35807	35311	36504	36381
54	38522	39932	40661	41969	42273	42402	41078	41026	41171	40358	38894	39458	37809	35183	33043	32911	32344	30320	31393	33253	34884	35653	36349	35757	35262	36453
55	38639	38408	39818	40549	41858	42168	42299	40983	40933	41080	40272	38812	39376	37734	35116	32981	32850	32286	30269	31338	33196	34825	35594	36290	35700	35209
56	37488	38514	38291	39699	40432	41745	42056	42191	40883	40834	40983	40180	38725	39288	37654	35045	32915	32784	32223	30213	31281	33135	34761	35530	36226	35640
57	36344	37349	38380	38161	39567	40307	41618	41932	42069	40768	40722	40873	40075	38625	39188	37561	34962	32837	32707	32151	30147	31212	33064	34687	35456	36152
58	35232	36184	37195	38225	38010	39419	40159	41469	41785	41924	40631	40588	40741	39949	38506	39069	37450	34861	32743	32614	32062	30065	31128	32977	34596	35365
59	33918	35057	36017	37026	38056	37848	39256	39996	41305	41623	41764	40480	40439	40595	39808	38375	38936	37326	34747	32638	32510	31962	29973	31033	32878	34495
60	33317	33746	34890	35850	36858	37892	37690	39095	39837	41142	41464	41607	40333	40294	40450	39670	38246	38807	37204	34637	32536	32409	31865	29885	30941	32782
61	32805	33133	33574	34715	35675	36687	37721	37525	38925	39667	40971	41295	41441	40176	40140	40297	39524	38109	38669	37076	34519	32427	32302	31761	29790	30843
62	31633	32598	32938	33382	34520	35483	36494	37528	37337	38732	39475	40775	41103	41251	39997	39963	40123	39357	37949	38509	36926	34383	32301	32176	31639	29678
63	32033	31407	32380	32724	33170	34307	35269	36280	37312	37127	38517	39261	40556	40888	41039	39795	39764	39926	39168	37769	38329	36756	34229	32157	32034	31501
64	31886	31769	31166	32138	32484	32934	34068	35028	36038	37068	36888	38273	39016	40307	40641	40796	39563	39534	39700	38950	37560	38121	36560	34049	31989	31868
65	32839	31587	31492	30900	31869	32219	32670	33802	34760	35768	36793	36620	37998	38742	40027	40365	40522	39301	39276	39445	38702	37325	37884	36337	33842	31798
66	33885	32498	31280	31193	30612	31578	31931	32386	33513	34469	35474	36496	36329	37700	38443	39724	40063	40223	39016	38994	39166	38431	37067	37625	36092	33618
67	36794	33491	32147	30950	30870	30302	31264	31619	32076	33198	34152	35153	36171	36010	37373	38115	39390	39731	39894	38702	38684	38859	38133	36783	37340	35821
68	27792	36319	33094	31774	30598	30528	29973	30929	31287	31747	32862	33813	34808	35820	35666	37021	37761	39030	39372	39540	38362	38349	38527	37811	36477	37032
69	26619	27393	35838	32665	31370	30218	30156	29615	30566	30927	31388	32497	33441	34427	35435	35289	36634	37372	38633	38978	39149	37988	37980	38161	37456	36139
70	26897	26190	26986	35316	32199	30932	29804	29751	29224	30170	30533	30995	32093	33029	34009	35011	34873	36209	36944	38196	38543	38718	37576	37572	37755	37062
71	26363	26414	25755	26546	34754	31696	30457	29355	29311	28800	29739	30105	30565	31654	32584	33557	34552	34422	35748	36480	37723	38071	38250	37127	37129	37315
72	24343	25836	25924	25286	26072	34147	31152	29945	28871	28835	28340	29272	29641	30101	31180	32104	33070	34058	33936	35250	35979	37210	37561	37744	36640	36648
73	22743	23812	25314	25410	24794	25573	33505	30581	29406	28359	28332	27854	28778	29150	29611	30681	31595	32553	33533	33421	34722	35446	36666	37019	37206	36126
74	23112	22198	23284	24763	24867	24273	25046	32827	29975	28833	27817	27799	27339	28255	28628	29088	30148	31054	32003	32974	32872	34160	34878	36087	36441	36632
75	22457	22498	21653	22721	24174	24286	23716	24480	32099	29323	28216	27232	27224	26782	27688	28063	28522	29572	30468	31408	32369	32277	33549	34263	35458	35814
76	21792	21798	21887	21075	22125	23550	23669	23125	23880	31324	28628	27558	26608	26610	26188	27083	27459	27917	28955	29840	30769	31719	31637	32892	33601	34781
77	21038	21080	21142	21240	20462	21492	22888	23014	22496	23241	30499	27888	26857	25942	25954	25552	26436	26812	27269	28292	29166	30084	31022	30950	32186	32889
78	20145	20271	20372	20445	20553	19810	20818	22182	22313	21822	22558	29615	27094	26105	25227	25249	24868	25738	26115	26569	27576	28438	29343	30267	30206	31421
79	19033	19317	19505	19615	19700	19817	19113	20096	21423	21563	21099	21823	28667	26239	25293	24454	24488	24128	24984	25360	25812	26802	27648	28538	29448	29397
80	17699	18150	18493	18690	18811	18908	19033	18368	19325	20613	20760	20326	21035	27649	25321	24421	23623	23668	23331	24171	24547	24994	25963	26794	27667	28561
81	16503	16777	17279	17626	17831	17962	18070	18203	17579	18507	19754	19908	19504	20197	26565	24345	23492	22738	22793	22481	23302	23675	24117	25064	25877	26733
82	16231	15537	15873	16367	16715	16928	17069	17187	17327	16746	17642	18846	19005	18632	19307	25414	23306	22503	21794	21860	21573	22373	22743	23179	24102	24895
83	14848	15162	14596	14931	15415	15763	15983	16134	16260	16409	15871	16731	17888	18051	17712	18367	24195	22206	21455	20793	20869	20606	21384	21750	22179	23074
84	13550	13747	14126	13618	13951	14423	14770	14994	15153	15289	15444	14950	15775	16880	17048	16741	17375	22906	21041	20344	19730	19816	19580	20331	20692	21114
85	12133	12419	12689	13059	12610	12939	13398	13742	13970	14136	14279	14439	13992	14779	15828	16000	15725	16336	21555	19817	19176	18612	18707	18498	19221	19576
86	10618	11000	11348	11615	11976	11585	11908	12352	12691	12921	13093	13242	13406	13005	13751	14741	14917	14675	15260	20153	18546	17962	17449	17551	17369	18061
87	9633	9503	9932	10264	10527	10875	10540	10857	11283	11614	11844	12020	12174	12340	11986	12687	13616	13794	13584	14141	18695	17222	16694	16234	16342	16187
88	8655	8497	8465	8862	9177	9431	9766	9486	9793	10199	10519	10747	10926	11083	11249	10940	11595	12460	12638	12459	12986	17188	15851	15381	14972	15086
89	7204	7518	7459	7444	7809	8105	8351	8670	8443	8738	9122	9429	9652	9831	9989	10154	9890	10496	11293	11470	11322	11816	15658	14458	14046	13687
90+	28564	28513	29234	29807	30304	31072	32023	33103	34366	35313	36447	37830	39364	40958	42558	44140	45706	46869	48449	50573	52623	54309	56246	61428	64963	67704
																										
© Crown Copyright 2016																										
